Word,Old Testament,New Testament,Apocrypha,Total
a,4697,1519,1366,7582
aalar,0,0,1,1
aaron,299,4,15,318
aaron's,30,1,0,31
aaronites,2,0,0,2
abacuc,0,0,1,1
abaddon,0,1,0,1
abadias,0,0,1,1
abagtha,1,0,0,1
abana,1,0,0,1
abarim,4,0,0,4
abase,4,0,0,4
abased,0,4,0,4
abasement,0,0,1,1
abashed,0,0,2,2
abasing,0,1,0,1
abated,6,0,2,8
abateth,0,0,2,2
abba,0,3,0,3
abda,2,0,0,2
abdeel,1,0,0,1
abdi,3,0,0,3
abdias,0,0,1,1
abdiel,1,0,0,1
abdon,8,0,0,8
abednego,14,0,0,14
abel,9,4,0,13
abelbethmaachah,2,0,0,2
abelmaim,1,0,0,1
abelmeholah,3,0,0,3
abelmizraim,1,0,0,1
abelshittim,1,0,0,1
abez,1,0,0,1
abhor,17,1,5,23
abhorred,16,0,5,21
abhorrest,1,1,1,3
abhorreth,5,0,1,6
abhorring,1,0,0,1
abi,1,0,0,1
abia,1,2,0,3
abiah,4,0,0,4
abialbon,1,0,0,1
abiasaph,1,0,0,1
abiathar,27,1,0,28
abiathar's,1,0,0,1
abib,4,0,0,4
abida,1,0,0,1
abidah,1,0,0,1
abidan,5,0,0,5
abide,49,28,18,95
abideth,10,18,1,29
abiding,5,4,1,10
abiel,3,0,0,3
abiezer,7,0,0,7
abiezrite,1,0,0,1
abiezrites,2,0,0,2
abigail,17,0,0,17
abihail,6,0,0,6
abihu,12,0,0,12
abihud,1,0,0,1
abijah,20,0,0,20
abijam,4,0,0,4
abilene,0,1,0,1
ability,4,3,6,13
abimael,2,0,0,2
abimelech,60,0,0,60
abimelech's,2,0,0,2
abinadab,12,0,0,12
abinoam,4,0,0,4
abiram,9,0,0,9
abiron's,0,0,1,1
abisei,0,0,1,1
abishag,5,0,0,5
abishai,24,0,0,24
abishalom,2,0,0,2
abishua,5,0,0,5
abishur,2,0,0,2
abisum,0,0,1,1
abital,2,0,0,2
abitub,1,0,0,1
abiud,0,1,0,1
abjects,1,0,0,1
able,98,57,39,194
abner,52,0,0,52
abner's,1,0,0,1
aboard,0,1,0,1
abode,43,24,6,73
abodest,1,0,0,1
abolish,1,0,3,4
abolished,2,3,2,7
abominable,20,3,3,26
abominably,1,0,0,1
abomination,65,4,10,79
abominations,72,2,6,80
abound,1,14,3,18
abounded,0,5,2,7
aboundeth,1,2,1,4
abounding,1,2,0,3
about,437,157,122,716
above,165,43,101,309
abraham,150,66,15,231
abraham's,14,5,1,20
abram,46,0,0,46
abram's,7,0,0,7
abridge,0,0,1,1
abridgement,0,0,1,1
abridging,0,0,1,1
abridgment,0,0,1,1
abroad,54,24,12,90
absalom,86,0,1,87
absalom's,5,0,0,5
absence,0,2,0,2
absent,1,10,2,13
absolom,0,0,2,2
abstain,0,6,1,7
abstaineth,0,0,1,1
abstinence,0,1,1,2
abubus,0,0,2,2
abundance,53,13,12,78
abundant,3,9,0,12
abundantly,21,11,1,33
abuse,2,1,2,5
abused,1,0,3,4
abusers,0,1,0,1
abusing,0,1,0,1
acatan,0,0,1,1
accad,1,0,0,1
accaron,0,0,1,1
accept,24,1,7,32
acceptable,12,11,7,30
acceptably,0,1,0,1
acceptance,1,0,0,1
acceptation,0,2,0,2
accepted,19,9,10,38
acceptest,0,1,0,1
accepteth,3,1,0,4
accepting,0,1,2,3
access,0,3,1,4
accho,1,0,0,1
acclamations,0,0,1,1
accompanied,0,4,0,4
accompany,0,1,1,2
accompanying,1,0,0,1
accomplish,12,1,5,18
accomplished,15,10,4,29
accomplishing,0,1,0,1
accomplishment,0,1,0,1
accord,2,14,6,22
according,594,121,119,834
accordingly,1,0,3,4
accos,0,0,1,1
account,6,11,5,22
accounted,6,6,3,15
accounting,0,1,0,1
accounts,1,0,7,8
accoz,0,0,1,1
accursed,11,4,0,15
accusation,1,9,3,13
accusations,0,0,2,2
accuse,1,15,4,20
accused,2,12,7,21
accuser,0,1,1,2
accusers,0,8,2,10
accuseth,0,1,0,1
accusing,0,1,0,1
accustom,0,0,1,1
accustomed,1,0,2,3
aceldama,0,1,0,1
achaia,0,11,0,11
achaicus,0,1,0,1
achan,6,0,1,7
achar,1,0,0,1
achaz,0,1,0,1
achbor,7,0,0,7
achiacharus,0,0,5,5
achias,0,0,1,1
achim,0,1,0,1
achior,0,0,13,13
achish,20,0,0,20
achitob,0,0,2,2
achmetha,1,0,0,1
achor,5,0,0,5
achsa,1,0,0,1
achsah,4,0,0,4
achshaph,3,0,0,3
achzib,4,0,0,4
acipha,0,0,1,1
acitho,0,0,1,1
acknowledge,13,3,6,22
acknowledged,1,1,5,7
acknowledgement,0,1,0,1
acknowledgeth,0,1,0,1
acknowledging,0,3,0,3
acquaint,1,0,1,2
acquaintance,8,3,2,13
acquainted,2,0,1,3
acquainting,1,0,0,1
acquit,2,0,1,3
acre,1,0,0,1
acres,1,0,0,1
act,2,1,2,5
action,0,0,1,1
actions,1,0,1,2
active,0,0,1,1
activity,1,0,0,1
acts,64,0,17,81
acua,0,0,1,1
acub,0,0,1,1
adadah,1,0,0,1
adah,8,0,0,8
adaiah,9,0,0,9
adalia,1,0,0,1
adam,20,7,14,41
adam's,0,1,0,1
adamah,1,0,0,1
adamant,2,0,1,3
adami,1,0,0,1
adar,10,0,7,17
adasa,0,0,2,2
adbeel,2,0,0,2
add,27,5,7,39
addan,1,0,0,1
addar,1,0,0,1
added,5,10,8,23
adder,4,0,0,4
adders',1,0,0,1
addeth,3,1,0,4
addi,0,1,1,2
addicted,0,1,0,1
adding,0,0,1,1
addition,1,0,0,1
additions,2,0,0,2
addo,0,0,1,1
addon,1,0,0,1
addus,0,0,2,2
ader,1,0,0,1
adherents,0,0,1,1
adida,0,0,2,2
adiel,3,0,0,3
adin,4,0,2,6
adina,1,0,0,1
adino,1,0,0,1
adinus,0,0,1,1
adithaim,1,0,0,1
adjoining,0,0,2,2
adjure,2,3,0,5
adjured,2,0,0,2
adlai,1,0,0,1
admah,5,0,0,5
admatha,1,0,0,1
administered,0,2,0,2
administration,0,1,0,1
administrations,0,1,0,1
admirable,0,0,1,1
admiration,0,2,2,4
admire,0,0,1,1
admired,0,1,3,4
admonish,0,3,7,10
admonished,3,2,1,6
admonishing,0,1,0,1
admonition,0,3,0,3
adna,2,0,0,2
adnah,2,0,0,2
ado,0,1,1,2
adonibezek,3,0,0,3
adonijah,26,0,0,26
adonikam,3,0,2,5
adoniram,2,0,0,2
adonizedec,2,0,0,2
adoption,0,5,0,5
adora,0,0,1,1
adoraim,1,0,0,1
adoram,2,0,0,2
adore,0,0,1,1
adorn,0,2,1,3
adorned,1,3,2,6
adorneth,1,0,0,1
adorning,0,1,1,2
adrammelech,3,0,0,3
adramyttium,0,1,0,1
adria,0,1,0,1
adriel,2,0,0,2
aduel,0,0,1,1
adullam,8,0,0,8
adullamite,3,0,0,3
adulterer,3,0,1,4
adulterers,5,4,1,10
adulteress,2,1,0,3
adulteresses,1,1,0,2
adulteries,3,2,0,5
adulterous,1,3,0,4
adultery,15,18,3,36
adultress,1,0,0,1
adummim,2,0,0,2
advance,0,0,1,1
advanced,4,0,0,4
advantage,1,3,1,5
advantaged,0,1,0,1
advantageth,0,1,0,1
adventure,1,1,1,3
adventured,1,0,0,1
adversaries,31,5,11,47
adversary,16,5,3,24
adversities,2,0,1,3
adversity,9,1,8,18
advertise,2,0,0,2
advice,8,1,2,11
advise,3,0,1,4
advised,1,1,2,4
advisement,1,0,1,2
advocate,0,1,0,1
aedias,0,0,1,1
aeneas,0,2,0,2
aenon,0,1,0,1
afar,33,18,4,55
affairs,4,4,19,27
affect,0,1,1,2
affected,0,2,6,8
affecteth,1,0,0,1
affection,1,5,1,7
affectionately,0,1,0,1
affectioned,0,1,0,1
affections,0,2,0,2
affinity,3,0,0,3
affirm,0,3,0,3
affirmed,0,3,0,3
afflict,35,0,2,37
afflicted,47,6,13,66
afflictest,1,0,0,1
afflicting,0,0,1,1
affliction,59,14,16,89
afflictions,2,11,4,17
affording,1,0,0,1
affright,1,0,0,1
affrighted,5,4,1,10
afoot,0,2,1,3
afore,4,3,15,22
aforehand,0,1,1,2
aforersaid,0,0,1,1
aforesaid,0,0,2,2
aforetime,5,2,5,12
afraid,154,35,39,228
afresh,0,1,0,1
after,811,283,202,1296
afternoon,1,0,0,1
afterward,48,18,28,94
afterwards,10,3,7,20
agaba,0,0,1,1
agabus,0,2,0,2
agag,6,0,0,6
agagite,5,0,1,6
again,429,222,123,774
against,1208,182,268,1658
agar,0,2,0,2
agarenes,0,0,1,1
agate,3,0,0,3
agates,1,0,0,1
age,32,10,29,71
aged,6,3,8,17
agee,1,0,0,1
ages,0,4,6,10
aggeus,0,0,3,3
ago,5,8,2,15
agone,1,0,0,1
agony,0,1,3,4
agree,0,7,4,11
agreeable,0,0,1,1
agreeably,0,0,1,1
agreed,1,7,5,13
agreeing,0,0,1,1
agreement,5,1,2,8
agreeth,0,2,0,2
agrippa,0,12,0,12
aground,0,1,0,1
ague,1,0,0,1
agur,1,0,0,1
ah,14,1,0,15
aha,7,0,0,7
ahab,81,0,0,81
ahab's,2,0,0,2
aharah,1,0,0,1
aharhel,1,0,0,1
ahasai,1,0,0,1
ahasbai,1,0,0,1
ahasuerus,29,0,0,29
ahasuerus',1,0,0,1
ahava,3,0,0,3
ahaz,40,0,0,40
ahaziah,30,0,0,30
ahban,1,0,0,1
aher,1,0,0,1
ahi,2,0,0,2
ahiah,4,0,0,4
ahiam,2,0,0,2
ahian,1,0,0,1
ahiezer,6,0,0,6
ahihud,2,0,0,2
ahijah,19,0,0,19
ahikam,20,0,0,20
ahilud,5,0,0,5
ahimaaz,15,0,0,15
ahiman,4,0,0,4
ahimelech,14,0,0,14
ahimelech's,1,0,0,1
ahimoth,1,0,0,1
ahinadab,1,0,0,1
ahinoam,7,0,0,7
ahio,6,0,0,6
ahira,5,0,0,5
ahiram,1,0,0,1
ahiramites,1,0,0,1
ahisamach,3,0,0,3
ahishahar,1,0,0,1
ahishar,1,0,0,1
ahithophel,17,0,0,17
ahitub,15,0,0,15
ahlab,1,0,0,1
ahlai,2,0,0,2
ahoah,1,0,0,1
ahohite,5,0,0,5
aholah,4,0,0,4
aholiab,5,0,0,5
aholibah,5,0,0,5
aholibamah,7,0,0,7
ahumai,1,0,0,1
ahuzam,1,0,0,1
ahuzzath,1,0,0,1
ai,30,0,0,30
aiah,5,0,0,5
aiath,1,0,0,1
aid,0,0,16,16
aided,1,0,0,1
aija,1,0,0,1
aijalon,7,0,0,7
ail,0,0,4,4
ailed,1,0,0,1
aileth,7,0,2,9
aim,0,0,1,1
aiming,0,0,1,1
ain,5,0,0,5
air,22,17,14,53
airus,0,0,1,1
ajah,1,0,0,1
ajalon,3,0,0,3
akan,1,0,0,1
akkub,8,0,0,8
akrabbim,2,0,0,2
alabaster,0,3,0,3
alameth,1,0,0,1
alammelech,1,0,0,1
alamoth,1,0,0,1
alarm,9,0,2,11
alas,13,3,0,16
albeit,1,1,7,9
alcimus,0,0,15,15
alema,0,0,1,1
alemeth,3,0,0,3
alexander,0,5,24,29
alexander's,0,0,3,3
alexandria,0,3,0,3
alexandrians,0,1,0,1
algum,3,0,0,3
aliah,1,0,0,1
alian,1,0,0,1
alien,5,0,0,5
alienate,1,0,0,1
alienated,4,2,1,7
aliens,1,2,1,4
alight,0,0,1,1
alike,10,1,3,14
alive,68,18,14,100
all,3681,982,943,5606
alleging,0,1,1,2
allegory,0,1,0,1
alleluia,0,4,1,5
allied,1,0,1,2
allom,0,0,1,1
allon,2,0,0,2
allonbachuth,1,0,0,1
allow,0,3,0,3
allowance,1,0,2,3
allowed,0,1,1,2
alloweth,0,1,0,1
allure,1,1,1,3
allured,0,0,1,1
almighty,48,9,43,100
almodad,2,0,0,2
almon,1,0,0,1
almond,2,0,0,2
almondiblathaim,2,0,0,2
almonds,6,0,0,6
almost,5,6,3,14
alms,0,13,20,33
almsdeeds,0,1,1,2
almug,2,0,0,2
alnathan,0,0,1,1
aloes,4,1,0,5
aloft,0,0,2,2
alone,70,36,23,129
along,29,0,1,30
aloof,1,0,0,1
aloth,1,0,0,1
aloud,19,1,1,21
alpha,0,4,0,4
alphaeus,0,5,0,5
already,9,21,9,39
also,1131,571,340,2042
altaneus,0,0,1,1
altar,300,21,51,372
altars,48,1,5,54
alter,4,0,1,5
alterations,0,0,1,1
altered,1,1,3,5
altereth,2,0,0,2
although,12,2,1,15
altogether,25,4,5,34
alush,2,0,0,2
alvah,1,0,0,1
alvan,1,0,0,1
alway,11,12,2,25
always,20,39,23,82
am,576,235,67,878
amad,1,0,0,1
amadatha,0,0,2,2
amadathus,0,0,1,1
amain,0,0,1,1
amal,1,0,0,1
amalek,23,0,0,23
amalekite,3,0,0,3
amalekites,23,0,0,23
amam,1,0,0,1
aman,0,0,8,8
aman's,0,0,1,1
amana,1,0,0,1
amariah,14,0,0,14
amarias,0,0,2,2
amasa,12,0,0,12
amasai,5,0,0,5
amashai,1,0,0,1
amasiah,1,0,0,1
amatheis,0,0,1,1
amathis,0,0,1,1
amazed,5,16,1,22
amazement,0,2,0,2
amaziah,39,0,0,39
ambasadors,0,0,1,1
ambassador,3,1,2,6
ambassadors,7,1,10,18
ambassage,0,1,1,2
amber,3,0,0,3
ambush,7,0,4,11
ambushes,1,0,0,1
ambushment,1,0,1,2
ambushments,1,0,0,1
amen,22,50,4,76
amend,5,1,1,7
amendment,0,0,1,1
amends,1,0,0,1
amerce,1,0,0,1
amethyst,2,1,0,3
ami,1,0,0,1
amiable,1,0,1,2
amidst,0,0,1,1
aminadab,0,2,0,2
amiss,2,2,4,8
amittai,2,0,0,2
amity,0,0,7,7
ammah,1,0,0,1
ammi,1,0,0,1
ammidoi,0,0,1,1
ammiel,6,0,0,6
ammihud,10,0,0,10
amminadab,12,0,0,12
amminadib,1,0,0,1
ammishaddai,5,0,0,5
ammizabad,1,0,0,1
ammon,85,0,7,92
ammonite,9,0,1,10
ammonites,22,0,2,24
ammonitess,4,0,0,4
amnon,20,0,0,20
amnon's,3,0,0,3
amok,2,0,0,2
amon,17,1,0,18
among,653,197,127,977
amongst,2,0,0,2
amorite,14,0,0,14
amorites,72,0,2,74
amos,7,1,2,10
amounting,1,0,0,1
amoz,13,0,0,13
amphipolis,0,1,0,1
amplias,0,1,0,1
amram,13,0,0,13
amram's,1,0,0,1
amramites,2,0,0,2
amraphel,2,0,0,2
amzi,2,0,0,2
an,1242,305,334,1881
anab,2,0,0,2
anael's,0,0,1,1
anah,10,0,0,10
anaharath,1,0,0,1
anaiah,2,0,0,2
anak,8,0,0,8
anakims,9,0,0,9
anamim,2,0,0,2
anammelech,1,0,0,1
anan,1,0,1,2
anani,1,0,0,1
ananiah,2,0,0,2
ananias,0,10,10,20
ananiel,0,0,1,1
anath,2,0,0,2
anathema,0,1,0,1
anathoth,16,0,1,17
ancestors,1,0,3,4
ancestors',0,0,1,1
anchor,0,1,0,1
anchors,0,3,0,3
ancient,26,0,10,36
ancients,9,0,9,18
and,18287,5580,4497,28364
andrew,0,12,0,12
andronicus,0,1,5,6
anem,1,0,0,1
aner,3,0,0,3
anethothite,1,0,0,1
anetothite,1,0,0,1
anew,0,0,2,2
angel,95,97,38,230
angel's,0,2,0,2
angels,12,79,7,98
angels',1,0,2,3
anger,223,5,16,244
angered,1,0,0,1
angereth,0,0,2,2
angle,2,0,0,2
angry,36,7,16,59
anguish,14,3,7,24
aniam,1,0,0,1
anim,1,0,0,1
anise,0,1,0,1
ankle,0,1,0,1
ankles,1,0,0,1
anna,0,1,8,9
annas,0,4,2,6
annointedst,0,0,1,1
annoyance,0,0,1,1
annoyed,0,0,1,1
annus,0,0,1,1
anoint,28,5,2,35
anointed,84,12,7,103
anointedst,1,0,0,1
anointest,1,0,0,1
anointing,24,2,0,26
anon,0,2,1,3
anos,0,0,1,1
another,219,189,88,496
another's,2,3,1,6
answer,102,28,17,147
answerable,1,0,0,1
answered,287,203,60,550
answeredst,2,0,0,2
answerest,2,4,0,6
answereth,8,5,0,13
answering,0,31,1,32
answers,2,1,0,3
ant,1,0,0,1
antichrist,0,4,0,4
antichrists,0,1,0,1
antilibanus,0,0,1,1
antioch,0,18,10,28
antiochia,0,0,4,4
antiochians,0,0,2,2
antiochus,0,0,53,53
antiochus',0,0,1,1
antipas,0,1,0,1
antipater,0,0,2,2
antipatris,0,1,0,1
antiquity,1,0,0,1
antothijah,1,0,0,1
antothite,2,0,0,2
ants,1,0,0,1
anub,1,0,0,1
anus,0,0,1,1
anvil,1,0,1,2
any,571,261,145,977
anything,5,0,1,6
apace,3,0,0,3
apame,0,0,1,1
apart,8,8,5,21
apelles,0,1,0,1
apes,2,0,0,2
apharsachites,2,0,0,2
apharsathchites,1,0,0,1
apharsites,1,0,0,1
aphek,8,0,0,8
aphekah,1,0,0,1
apherema,0,0,1,1
apherra,0,0,1,1
aphiah,1,0,0,1
aphik,1,0,0,1
aphrah,1,0,0,1
aphses,1,0,0,1
apiece,6,2,0,8
aplace,0,0,1,1
apollonia,0,1,0,1
apollonius,0,0,12,12
apollonius',0,0,1,1
apollophanes,0,0,1,1
apollos,0,10,0,10
apollyon,0,1,0,1
apostle,0,19,0,19
apostles,0,54,0,54
apostles',0,5,0,5
apostleship,0,4,0,4
apothecaries,1,0,0,1
apothecaries',1,0,0,1
apothecary,4,0,2,6
appaim,2,0,0,2
apparel,21,6,8,35
apparelled,1,1,0,2
apparently,1,0,0,1
apparition,0,0,2,2
apparitions,0,0,2,2
appeal,0,2,0,2
appealed,0,4,0,4
appear,28,23,15,66
appearance,21,4,4,29
appearances,2,0,0,2
appeared,40,27,28,95
appeareth,7,3,4,14
appearing,0,6,1,7
appease,1,0,2,3
appeased,1,1,2,4
appeaseth,1,0,1,2
appertain,2,0,4,6
appertained,3,0,1,4
appertaineth,2,0,4,6
appertaining,0,0,3,3
appetite,4,0,3,7
appetites,0,0,1,1
apphia,0,1,0,1
apphus,0,0,1,1
appii,0,1,0,1
apple,8,0,1,9
apples,3,0,0,3
applied,3,0,1,4
applieth,0,0,1,1
apply,4,0,1,5
appoint,34,4,1,39
appointed,103,23,35,161
appointedst,0,0,1,1
appointeth,1,0,0,1
appointment,4,0,2,6
apprehend,0,2,0,2
apprehended,0,3,1,4
approach,17,1,1,19
approached,2,0,1,3
approacheth,0,1,0,1
approaching,1,1,2,4
approve,1,2,0,3
approved,0,8,6,14
approvest,0,1,0,1
approveth,1,0,0,1
approving,0,1,0,1
aprons,1,1,0,2
apt,2,2,1,5
aquila,0,6,0,6
ar,6,0,1,7
ara,1,0,0,1
arab,1,0,0,1
arabah,1,0,0,1
arabattine,0,0,1,1
arabia,5,2,4,11
arabian,4,0,2,6
arabians,5,1,4,10
arad,5,0,0,5
aradus,0,0,1,1
arah,4,0,0,4
aram,7,3,0,10
aramitess,1,0,0,1
aran,2,0,0,2
ararat,2,0,0,2
ararath,0,0,1,1
araunah,7,0,0,7
arba,3,0,0,3
arbah,1,0,0,1
arbathite,2,0,0,2
arbattis,0,0,1,1
arbela,0,0,1,1
arbite,1,0,0,1
arbonai,0,0,1,1
archangel,0,2,1,3
archelaus,0,1,0,1
archer,2,0,2,4
archers,10,0,2,12
arches,12,0,0,12
archevites,1,0,0,1
archi,1,0,0,1
archippus,0,2,0,2
archite,5,0,0,5
arcturus,2,0,0,2
ard,2,0,0,2
ardath,0,0,1,1
ardites,1,0,0,1
ardon,1,0,0,1
are,1711,781,460,2952
areli,2,0,0,2
arelites,1,0,0,1
areopagite,0,1,0,1
areopagus,0,1,0,1
ares,0,0,1,1
aretas,0,1,1,2
areus,0,0,1,1
argob,5,0,0,5
arguing,1,0,0,1
arguments,1,0,0,1
ariarathes,0,0,1,1
aridai,1,0,0,1
aridatha,1,0,0,1
arieh,1,0,0,1
ariel,4,0,0,4
aright,5,0,10,15
arimathaea,0,4,0,4
arioch,6,0,1,7
arisai,1,0,0,1
arise,118,29,11,158
ariseth,7,4,2,13
arising,1,0,0,1
aristarchus,0,5,0,5
aristobulus,0,0,1,1
aristobulus',0,1,0,1
ark,193,6,6,205
arkite,2,0,0,2
arm,58,4,11,73
armageddon,0,1,0,1
armed,28,1,8,37
armenia,2,0,0,2
armholes,2,0,0,2
armies,38,5,9,52
armoni,1,0,0,1
armour,19,5,17,41
armourbearer,14,0,1,15
armoury,3,0,0,3
arms,24,3,8,35
army,70,3,53,126
arnan,1,0,0,1
arnon,23,0,0,23
arod,1,0,0,1
arodi,1,0,0,1
arodites,1,0,0,1
aroer,16,0,0,16
aroerite,1,0,0,1
arom,0,0,1,1
arose,117,52,18,187
arpad,4,0,0,4
arphad,2,0,0,2
arphaxad,9,1,4,14
array,29,1,6,36
arrayed,4,7,3,14
arrived,0,2,0,2
arrogancy,4,0,0,4
arrow,14,0,5,19
arrows,39,0,2,41
arsaces,0,0,3,3
arsareth,0,0,1,1
art,329,122,102,553
artaxerxes,13,0,0,13
artaxerxes',1,0,0,1
artemas,0,1,0,1
artexerxes,0,0,15,15
articles,0,0,2,2
artificer,2,0,2,4
artificers,2,0,0,2
artillery,1,0,1,2
arts,0,1,0,1
aruboth,1,0,0,1
arumah,1,0,0,1
arvad,2,0,0,2
arvadite,2,0,0,2
arza,1,0,0,1
as,2007,865,731,3603
asa,51,2,0,53
asa's,1,0,0,1
asadias,0,0,1,1
asael,0,0,1,1
asahel,17,0,0,17
asahiah,2,0,0,2
asaiah,6,0,0,6
asana,0,0,1,1
asaph,28,0,3,31
asaph's,1,0,0,1
asareel,1,0,0,1
asarelah,1,0,0,1
ascalon,0,0,4,4
ascend,9,4,0,13
ascended,10,9,0,19
ascendeth,0,2,0,2
ascending,2,3,2,7
ascent,4,0,0,4
ascents,0,0,1,1
ascribe,3,0,2,5
ascribed,1,0,0,1
aseas,0,0,1,1
asebebia,0,0,1,1
asebia,0,0,1,1
asenath,3,0,0,3
aser,0,2,1,3
aserer,0,0,1,1
ash,1,0,0,1
ashamed,87,24,17,128
ashan,4,0,0,4
ashbea,1,0,0,1
ashbel,3,0,0,3
ashbelites,1,0,0,1
ashchenaz,2,0,0,2
ashdod,18,0,0,18
ashdodites,1,0,0,1
ashdothites,1,0,0,1
ashdothpisgah,3,0,0,3
asher,41,0,0,41
asherites,1,0,0,1
ashes,38,4,18,60
ashima,1,0,0,1
ashkelon,8,0,0,8
ashkenaz,1,0,0,1
ashnah,2,0,0,2
ashpenaz,1,0,0,1
ashriel,1,0,0,1
ashtaroth,11,0,0,11
ashterathite,1,0,0,1
ashteroth,1,0,0,1
ashtoreth,3,0,0,3
ashur,2,0,0,2
ashurites,2,0,0,2
ashvath,1,0,0,1
asia,0,20,8,28
asibias,0,0,1,1
aside,57,12,10,79
asiel,1,0,1,2
asipha,0,0,1,1
ask,44,59,20,123
asked,48,65,16,129
askelon,3,0,0,3
askest,1,2,4,7
asketh,4,6,2,12
asking,3,4,0,7
asleep,4,12,2,18
asmodeus,0,0,2,2
asnah,1,0,0,1
asnapper,1,0,0,1
asom,0,0,1,1
asp,1,0,0,1
aspalathus,0,0,1,1
aspatha,1,0,0,1
asphar,0,0,1,1
aspharasus,0,0,1,1
asps,3,1,0,4
asrias,0,0,1,1
asriel,2,0,0,2
asrielites,1,0,0,1
ass,69,7,2,78
ass's,3,1,0,4
assabias,0,0,1,1
assalimoth,0,0,1,1
assanias,0,0,1,1
assault,1,1,3,5
assaulted,0,1,6,7
assaulting,0,0,3,3
assay,1,0,1,2
assayed,2,2,0,4
assaying,0,1,0,1
assemble,20,0,1,21
assembled,28,9,18,55
assemblies,6,0,0,6
assembling,1,1,0,2
assembly,44,5,8,57
assent,1,0,0,1
assented,0,1,0,1
asses,60,0,1,61
asshur,8,0,0,8
asshurim,1,0,0,1
assideans,0,0,3,3
assign,0,0,1,1
assigned,3,0,0,3
assir,5,0,0,5
assist,0,1,1,2
assisting,0,0,1,1
associate,1,0,0,1
assos,0,2,0,2
assuerus,0,0,1,1
assur,2,0,12,14
assurance,2,5,1,8
assure,0,1,0,1
assured,2,1,4,7
assuredly,7,2,1,10
asswage,1,0,1,2
asswaged,2,0,0,2
assyria,108,0,2,110
assyrian,13,0,0,13
assyrians,10,0,20,30
assyrians',0,0,1,1
astaroth,1,0,0,1
astath,0,0,1,1
astonied,10,0,0,10
astonished,15,19,12,46
astonishment,20,1,2,23
astray,14,4,2,20
astrologer,1,0,0,1
astrologers,8,0,0,8
astyages,0,0,1,1
asunder,13,8,4,25
asuppim,2,0,0,2
asyncritus,0,1,0,1
at,1067,369,324,1760
atad,2,0,0,2
atarah,1,0,0,1
atargatis,0,0,1,1
ataroth,5,0,0,5
atarothadar,1,0,0,1
atarothaddar,1,0,0,1
ate,2,1,3,6
ater,5,0,0,5
aterezias,0,0,1,1
athach,1,0,0,1
athaiah,1,0,0,1
athaliah,17,0,0,17
atharias,0,0,1,1
athenians,0,1,0,1
athenobius,0,0,3,3
athens,0,5,2,7
athirst,2,3,1,6
athlai,1,0,0,1
atipha,0,0,1,1
atonement,69,1,3,73
atonements,1,0,0,1
atroth,1,0,0,1
attai,4,0,0,4
attain,4,2,3,9
attained,5,5,0,10
attalia,0,1,0,1
attalus,0,0,1,1
attempt,0,0,1,1
attempted,0,0,1,1
attempts,0,0,2,2
attend,10,1,1,12
attendance,2,2,1,5
attended,2,1,1,4
attendeth,0,0,1,1
attending,0,1,0,1
attent,2,0,0,2
attentive,4,1,1,6
attentively,1,0,0,1
attharates,0,0,1,1
attire,3,0,2,5
attired,1,0,0,1
audience,7,5,1,13
augia,0,0,1,1
augment,1,0,0,1
augmentation,0,0,1,1
augustus,0,3,0,3
augustus',0,1,0,1
aul,2,0,0,2
aunt,1,0,0,1
auranus,0,0,1,1
austere,0,2,0,2
auteas,0,0,1,1
author,0,3,4,7
authorities,0,1,0,1
authority,2,32,19,53
authors,0,0,2,2
ava,1,0,0,1
availeth,1,3,1,5
avaran,0,0,1,1
aven,3,0,0,3
avenge,11,6,6,23
avenged,13,3,7,23
avenger,8,1,1,10
avengers,0,0,1,1
avengeth,2,0,0,2
avenging,3,0,0,3
averse,1,0,0,1
avim,1,0,0,1
avims,1,0,0,1
avites,2,0,0,2
avith,2,0,0,2
avoid,1,4,5,10
avoided,1,0,2,3
avoiding,0,2,0,2
avouched,2,0,0,2
await,0,1,0,1
awake,26,6,2,34
awaked,8,0,6,14
awakest,2,0,0,2
awaketh,2,0,2,4
awaking,0,1,0,1
aware,2,3,1,6
away,657,198,194,1049
awe,3,0,1,4
awoke,6,2,0,8
ax,0,0,1,1
axe,9,2,0,11
axes,7,0,0,7
axletree,0,0,1,1
axletrees,2,0,0,2
azael,0,0,1,1
azaelus,0,0,1,1
azal,1,0,0,1
azaliah,2,0,0,2
azaniah,1,0,0,1
azaphion,0,0,1,1
azarael,1,0,0,1
azaras,0,0,1,1
azare,0,0,1,1
azareel,5,0,0,5
azariah,45,0,0,45
azarias,0,0,14,14
azaz,1,0,0,1
azaziah,3,0,0,3
azbazareth,0,0,1,1
azbuk,1,0,0,1
azekah,7,0,0,7
azel,4,0,0,4
azem,2,0,0,2
azephurith,0,0,1,1
azetas,0,0,1,1
azgad,4,0,0,4
azia,0,0,1,1
aziei,0,0,1,1
aziel,1,0,0,1
aziza,1,0,0,1
azmaveth,8,0,0,8
azmon,3,0,0,3
aznothtabor,1,0,0,1
azor,0,2,0,2
azotus,0,1,11,12
azriel,3,0,0,3
azrikam,6,0,0,6
azubah,4,0,0,4
azur,2,0,0,2
azuran,0,0,1,1
azzah,3,0,0,3
azzan,1,0,0,1
azzur,1,0,0,1
baal,50,1,1,52
baal's,1,0,0,1
baalah,5,0,0,5
baalath,3,0,0,3
baalathbeer,1,0,0,1
baalberith,2,0,0,2
baale,1,0,0,1
baalgad,3,0,0,3
baalhamon,1,0,0,1
baalhanan,5,0,0,5
baalhazor,1,0,0,1
baalhermon,2,0,0,2
baali,1,0,0,1
baalim,18,0,0,18
baalis,1,0,0,1
baalmeon,3,0,0,3
baalpeor,5,0,0,5
baalperazim,2,0,0,2
baalshalisha,1,0,0,1
baaltamar,1,0,0,1
baalzebub,4,0,0,4
baalzephon,3,0,0,3
baana,2,0,1,3
baanah,10,0,0,10
baanaia,0,0,1,1
baanias,0,0,1,1
baara,1,0,0,1
baaseiah,1,0,0,1
baasha,26,0,0,26
babai,0,0,1,1
babbler,1,1,1,3
babbling,1,0,3,4
babblings,0,2,0,2
babe,1,5,0,6
babel,2,0,0,2
babes,3,6,4,13
babi,0,0,1,1
babylon,241,11,50,302
babylon's,8,0,0,8
babylonians,4,0,1,5
babylonish,1,0,0,1
babylons,0,0,1,1
baca,1,0,0,1
bacchides,0,0,22,22
bacchides',0,0,1,1
bacchurus,0,0,1,1
bacchus,0,0,2,2
bacenor's,0,0,1,1
bachrites,1,0,0,1
back,133,18,25,176
backbiters,0,1,0,1
backbiteth,1,0,0,1
backbiting,1,0,3,4
backbitings,0,1,0,1
backbone,1,0,0,1
backs,8,0,0,8
backside,2,1,0,3
backslider,1,0,0,1
backsliding,12,0,0,12
backslidings,4,0,0,4
backward,16,1,3,20
bad,14,3,1,18
bade,10,8,8,26
badest,1,0,0,1
badgers',14,0,0,14
badness,1,0,0,1
bag,9,2,3,14
baggage,0,0,2,2
bago,0,0,1,1
bagoas,0,0,6,6
bagoi,0,0,1,1
bags,2,1,1,4
baharumite,1,0,0,1
bahurim,5,0,0,5
bajith,1,0,0,1
bakbakkar,1,0,0,1
bakbuk,2,0,0,2
bakbukiah,3,0,0,3
bake,8,0,0,8
baked,4,0,0,4
bakemeats,1,0,0,1
baken,8,0,0,8
baker,8,0,0,8
bakers,2,0,0,2
bakers',1,0,0,1
baketh,1,0,0,1
balaam,54,3,0,57
balaam's,3,0,0,3
balac,0,1,0,1
baladan,2,0,0,2
balah,1,0,0,1
balak,40,0,0,40
balak's,1,0,0,1
balamo,0,0,1,1
balance,8,0,7,15
balances,9,1,0,10
balancings,1,0,0,1
balasamus,0,0,1,1
bald,11,0,0,11
baldness,9,0,0,9
ball,1,0,0,1
balls,0,0,1,1
balm,6,0,0,6
balnuus,0,0,1,1
balthasar,0,0,2,2
bamah,1,0,0,1
bamoth,2,0,0,2
bamothbaal,1,0,0,1
ban,0,0,1,1
banaias,0,0,1,1
band,11,7,4,22
banded,0,1,0,1
bands,37,5,8,50
bani,14,0,1,15
banid,0,0,1,1
banished,2,0,1,3
banishment,2,0,0,2
bank,12,1,2,15
banks,5,0,2,7
banner,3,0,0,3
banners,3,0,0,3
bannus,0,0,1,1
banquet,14,0,5,19
banqueted,0,0,1,1
banqueting,1,0,2,3
banquetings,0,1,0,1
banuas,0,0,1,1
baptism,0,22,0,22
baptisms,0,1,0,1
baptist,0,14,0,14
baptist's,0,1,0,1
baptize,0,7,0,7
baptized,0,51,0,51
baptizest,0,1,0,1
baptizeth,0,2,0,2
baptizing,0,4,0,4
bar,7,0,1,8
barabbas,0,10,0,10
barachel,2,0,0,2
barachias,0,1,0,1
barak,12,1,0,13
barbarian,0,2,0,2
barbarians,0,2,0,2
barbarous,0,1,4,5
barbarously,0,0,1,1
barbed,1,0,0,1
barber's,1,0,0,1
bare,156,21,19,196
barefoot,4,0,0,4
barest,2,1,0,3
barhumite,1,0,0,1
bariah,1,0,0,1
barjesus,0,1,0,1
barjona,0,1,0,1
bark,1,0,1,2
barked,1,0,0,1
barkos,2,0,0,2
barley,32,3,1,36
barn,2,2,0,4
barnabas,0,28,0,28
barnfloor,1,0,0,1
barns,2,2,0,4
barodis,0,0,1,1
barrel,3,0,0,3
barrels,1,0,0,1
barren,18,5,7,30
barrenness,1,0,0,1
bars,34,0,6,40
barsabas,0,2,0,2
bartacus,0,0,1,1
bartholomew,0,4,0,4
bartimaeus,0,1,0,1
baruch,24,0,2,26
barzelus,0,0,1,1
barzillai,10,0,0,10
basaloth,0,0,1,1
bascama,0,0,1,1
base,14,2,0,16
baseness,0,0,1,1
baser,0,1,0,1
bases,14,0,0,14
basest,2,0,0,2
bashan,52,0,0,52
bashanhavothjair,1,0,0,1
bashemath,6,0,0,6
bashfulness,0,0,2,2
basket,18,2,0,20
baskets,5,10,0,15
basmath,1,0,0,1
bason,2,1,0,3
basons,17,0,0,17
bassa,0,0,1,1
bastai,0,0,1,1
bastard,2,0,1,3
bastards,0,1,0,1
bat,2,0,0,2
bath,4,0,0,4
bathe,18,0,0,18
bathed,1,0,0,1
bathrabbim,1,0,0,1
baths,6,0,0,6
bathsheba,10,0,0,10
bathshua,1,0,0,1
bathzacharias,0,0,2,2
bats,1,0,1,2
battered,1,0,1,2
battering,2,0,0,2
battle,158,5,69,232
battlement,1,0,0,1
battlements,1,0,2,3
battles,6,0,12,18
bavai,1,0,0,1
bay,6,0,0,6
bazlith,1,0,0,1
bazluth,1,0,0,1
bdellium,2,0,0,2
be,4067,1425,1076,6568
beacon,1,0,0,1
bealiah,1,0,0,1
bealoth,1,0,0,1
beam,9,5,0,14
beams,12,0,4,16
bean,0,0,1,1
beans,2,0,0,2
bear,149,59,18,226
beard,15,0,1,16
beards,4,0,1,5
bearers,3,0,2,5
bearest,2,3,8,13
beareth,15,9,4,28
bearing,14,8,6,28
bears,2,0,2,4
beast,120,37,6,163
beast's,1,0,0,1
beasts,117,28,42,187
beat,23,13,3,39
beaten,31,6,5,42
beatest,2,0,0,2
beateth,0,1,1,2
beating,1,2,0,3
beauteous,0,0,1,1
beauties,1,0,0,1
beautified,0,0,4,4
beautiful,19,4,11,34
beautify,3,0,0,3
beauty,49,0,35,84
bebai,5,0,3,8
became,78,23,15,116
becamest,2,0,0,2
because,847,291,168,1306
becher,4,0,0,4
bechorath,1,0,0,1
beck,0,0,1,1
beckoned,0,6,0,6
beckoning,0,2,0,2
become,99,31,23,153
becometh,5,10,7,22
bectileth,0,0,1,1
bed,66,21,21,108
bed's,1,0,0,1
bedad,2,0,0,2
bedan,2,0,0,2
bedchamber,6,0,5,11
bedeiah,1,0,0,1
beds,8,2,3,13
bedstead,1,0,0,1
bee,1,0,1,2
beeliada,1,0,0,1
beelsarus,0,0,1,1
beeltethmus,0,0,2,2
beelzebub,0,7,0,7
been,204,103,103,410
beer,2,0,0,2
beera,1,0,0,1
beerah,1,0,0,1
beerelim,1,0,0,1
beeri,2,0,0,2
beerlahairoi,1,0,0,1
beeroth,6,0,0,6
beerothite,4,0,0,4
beerothites,1,0,0,1
beersheba,33,0,0,33
bees,3,0,0,3
beeshterah,1,0,0,1
beetle,1,0,0,1
beeves,7,0,0,7
befall,8,1,1,10
befallen,6,1,3,10
befalleth,1,0,0,1
befell,3,2,0,5
before,1376,270,307,1953
beforehand,0,5,2,7
beforetime,9,1,0,10
beg,2,1,1,4
began,103,74,36,213
begannest,0,0,2,2
begat,120,19,3,142
beget,10,0,1,11
begettest,2,0,0,2
begetteth,3,0,0,3
beggar,1,2,1,4
beggar's,0,0,1,1
beggarly,0,1,0,1
begged,0,3,0,3
begging,1,2,1,4
begin,14,12,23,49
beginnest,1,0,1,2
beginneth,0,0,3,3
beginning,54,50,60,164
beginnings,3,1,1,5
begotten,9,15,4,28
beguile,0,2,1,3
beguiled,4,1,0,5
beguiling,0,1,1,2
begun,6,6,5,17
behalf,5,8,2,15
behave,4,2,0,6
behaved,7,2,3,12
behaveth,0,1,0,1
behaviour,1,2,5,8
beheaded,2,5,0,7
beheld,30,22,16,68
behemoth,1,0,0,1
behind,55,16,22,93
behold,1057,218,106,1381
beholder,0,0,2,2
beholdest,1,3,2,6
beholdeth,3,1,2,6
beholding,3,12,2,17
behoved,0,2,1,3
being,101,185,176,462
bekah,1,0,0,1
bel,3,0,11,14
bel's,0,0,1,1
bela,13,0,0,13
belah,1,0,0,1
belaites,1,0,0,1
belch,1,0,0,1
belemus,0,0,1,1
belial,15,1,0,16
belied,1,0,0,1
belief,0,1,0,1
belieth,0,0,1,1
believe,17,114,15,146
believed,22,89,9,120
believers,0,2,0,2
believest,0,7,0,7
believeth,4,35,2,41
believing,0,8,2,10
bell,2,0,0,2
bellies,0,1,0,1
bellow,1,0,0,1
bellows,1,0,0,1
bells,3,0,1,4
belly,38,10,8,56
belmaim,0,0,1,1
belmen,0,0,1,1
belong,8,3,2,13
belonged,11,1,3,15
belongest,1,0,0,1
belongeth,17,2,3,22
belonging,4,1,3,8
beloved,42,61,13,116
beloved's,2,0,0,2
below,0,0,1,1
belshazzar,8,0,0,8
belteshazzar,8,0,0,8
bemoan,5,0,0,5
bemoaned,1,0,0,1
bemoaning,1,0,0,1
ben,1,0,0,1
ben-hadad,2,0,0,2
benaiah,41,0,0,41
benammi,1,0,0,1
benches,1,0,0,1
bend,8,0,0,8
bended,0,0,1,1
bendeth,2,0,1,3
bending,1,0,0,1
beneath,24,3,2,29
beneberak,1,0,0,1
benefactors,0,1,0,1
benefit,2,3,2,7
benefited,0,0,2,2
benefits,3,0,6,9
benejaakan,2,0,0,2
benevolence,0,1,0,1
benhadad,24,0,0,24
benhail,1,0,0,1
benhanan,1,0,0,1
beninu,1,0,0,1
benjamin,154,4,5,163
benjamin's,4,0,0,4
benjamite,8,0,0,8
benjamites,8,0,0,8
beno,2,0,0,2
benoni,1,0,0,1
bent,8,0,1,9
benzoheth,1,0,0,1
beon,1,0,0,1
beor,10,0,0,10
bera,1,0,0,1
berachah,2,0,0,2
berachiah,1,0,0,1
beraiah,1,0,0,1
berea,0,3,2,5
bereave,6,0,0,6
bereaved,5,0,0,5
bereaveth,1,0,0,1
berechiah,10,0,0,10
bered,2,0,0,2
beri,1,0,0,1
beriah,10,0,0,10
beriites,1,0,0,1
berites,1,0,0,1
berith,1,0,0,1
bernice,0,3,0,3
berodachbaladan,1,0,0,1
beroth,0,0,1,1
berothah,1,0,0,1
berothai,1,0,0,1
berothite,1,0,0,1
berries,1,1,0,2
beryl,7,1,1,9
besai,2,0,0,2
beseech,35,29,9,73
beseecheth,0,0,1,1
beseeching,0,3,4,7
beseemed,0,0,1,1
beset,5,1,0,6
beside,116,11,19,146
besides,6,2,8,16
besiege,10,0,7,17
besieged,23,0,7,30
besieging,0,0,2,2
besodeiah,1,0,0,1
besom,1,0,0,1
besor,3,0,0,3
besought,11,33,17,61
best,21,2,12,35
bestead,1,0,0,1
bestir,1,0,0,1
bestow,4,4,2,10
bestowed,6,7,1,14
bestoweth,0,0,1,1
betah,1,0,0,1
betane,0,0,1,1
beten,1,0,0,1
beth-horon,0,0,1,1
bethabara,0,1,0,1
bethanath,2,0,0,2
bethanoth,1,0,0,1
bethany,0,11,0,11
betharabah,3,0,0,3
betharam,1,0,0,1
betharbel,1,0,0,1
bethaven,7,0,0,7
bethazmaveth,1,0,0,1
bethbaalmeon,1,0,0,1
bethbarah,1,0,0,1
bethbasi,0,0,2,2
bethbirei,1,0,0,1
bethcar,1,0,0,1
bethdagon,2,0,1,3
bethdiblathaim,1,0,0,1
bethel,59,0,1,60
bethelite,1,0,0,1
bethemek,1,0,0,1
bether,1,0,0,1
bethesda,0,1,0,1
bethezel,1,0,0,1
bethgader,1,0,0,1
bethgamul,1,0,0,1
bethhaccerem,2,0,0,2
bethharan,1,0,0,1
bethhogla,1,0,0,1
bethhoglah,2,0,0,2
bethhoron,13,0,4,17
bethink,2,0,0,2
bethjeshimoth,3,0,0,3
bethjesimoth,1,0,0,1
bethlebaoth,1,0,0,1
bethlehem,30,8,0,38
bethlehemite,4,0,0,4
bethlehemjudah,9,0,0,9
bethlomon,0,0,1,1
bethmaachah,2,0,0,2
bethmarcaboth,2,0,0,2
bethmeon,1,0,0,1
bethnimrah,2,0,0,2
bethoron,0,0,1,1
bethpalet,1,0,0,1
bethpazzez,1,0,0,1
bethpeor,4,0,0,4
bethphage,0,3,0,3
bethphelet,1,0,0,1
bethrapha,1,0,0,1
bethrehob,2,0,0,2
bethsaida,0,7,0,7
bethsamos,0,0,1,1
bethsan,0,0,3,3
bethshan,3,0,0,3
bethshean,5,0,0,5
bethshemesh,19,0,0,19
bethshemite,2,0,0,2
bethshittah,1,0,0,1
bethsum,0,0,1,1
bethsura,0,0,14,14
bethtappuah,1,0,0,1
bethuel,10,0,0,10
bethul,1,0,0,1
bethulia,0,0,19,19
bethzur,4,0,0,4
betime,0,0,1,1
betimes,5,0,6,11
betolius,0,0,1,1
betomasthem,0,0,1,1
betomestham,0,0,1,1
betonim,1,0,0,1
betook,0,0,1,1
betray,1,17,0,18
betrayed,0,19,0,19
betrayer,0,0,1,1
betrayers,0,1,0,1
betrayest,0,1,1,2
betrayeth,0,3,1,4
betraying,0,0,1,1
betroth,3,0,0,3
betrothed,9,0,1,10
better,80,34,43,157
bettered,0,1,0,1
between,188,17,11,216
betwixt,14,1,9,24
beulah,1,0,0,1
bewail,4,2,5,11
bewailed,1,2,5,8
bewaileth,1,0,0,1
beware,12,14,15,41
bewitched,0,3,0,3
bewitching,0,0,1,1
bewray,1,0,0,1
bewrayeth,2,1,0,3
beyond,38,15,9,62
bezai,3,0,0,3
bezaleel,9,0,0,9
bezek,3,0,0,3
bezer,5,0,0,5
bezeth,0,0,1,1
biatas,0,0,1,1
bichri,8,0,0,8
bid,9,8,1,18
bidden,3,10,2,15
biddeth,0,1,0,1
bidding,1,0,0,1
bide,0,0,1,1
bidkar,1,0,0,1
bier,1,1,0,2
bigtha,1,0,0,1
bigthan,1,0,0,1
bigthana,1,0,0,1
bigvai,6,0,0,6
bildad,5,0,0,5
bileam,1,0,0,1
bilgah,3,0,0,3
bilgai,1,0,0,1
bilhah,11,0,0,11
bilhan,3,0,0,3
bill,4,3,1,8
billows,2,0,0,2
bilshan,2,0,0,2
bimhal,1,0,0,1
bind,38,11,6,55
bindeth,9,0,0,9
binding,4,1,0,5
binea,2,0,0,2
binnui,7,0,0,7
bird,23,1,3,27
bird's,1,0,0,1
birds,18,6,5,29
birds',1,0,0,1
birsha,1,0,0,1
birth,10,5,6,21
birthday,1,2,0,3
birthright,8,1,0,9
birzavith,1,0,0,1
bishlam,1,0,0,1
bishop,0,4,0,4
bishoprick,0,1,0,1
bishops,0,1,0,1
bit,3,0,0,3
bite,6,1,1,8
biteth,2,0,0,2
bithiah,1,0,0,1
bithron,1,0,0,1
bithynia,0,2,0,2
bitings,0,0,1,1
bits,0,1,0,1
bitten,2,0,1,3
bitter,30,6,6,42
bitterly,7,2,2,11
bittern,3,0,0,3
bitterness,17,4,5,26
bizjothjah,1,0,0,1
biztha,1,0,0,1
black,15,3,0,18
blacked,0,0,1,1
blacker,1,0,1,2
blackish,1,0,0,1
blackness,4,2,0,6
blade,2,2,0,4
blains,2,0,0,2
blame,2,2,3,7
blamed,0,2,2,4
blameless,3,12,7,22
blaspheme,4,6,1,11
blasphemed,9,7,2,18
blasphemer,0,1,4,5
blasphemers,0,2,1,3
blasphemest,0,1,0,1
blasphemeth,2,2,0,4
blasphemies,1,5,5,11
blaspheming,0,1,2,3
blasphemous,0,2,2,4
blasphemously,0,1,1,2
blasphemy,2,10,1,13
blast,8,0,5,13
blasted,5,0,0,5
blasting,5,0,1,6
blastus,0,1,0,1
blaze,0,1,0,1
bleating,1,0,0,1
bleatings,1,0,0,1
bled,0,0,1,1
bleed,0,0,1,1
blemish,52,2,2,56
blemishes,1,1,0,2
bless,108,9,47,164
blessed,205,82,58,345
blessedness,0,3,0,3
blessest,3,0,0,3
blesseth,8,0,1,9
blessing,52,12,14,78
blessings,8,1,2,11
blew,18,5,3,26
blind,26,48,4,78
blinded,0,5,1,6
blindeth,1,0,0,1
blindfolded,0,1,0,1
blindness,4,2,2,8
blood,282,93,40,415
bloodguiltiness,1,0,0,1
bloodshed,0,0,1,1
bloodshedder,0,0,1,1
bloodshedding,0,0,1,1
bloodthirsty,1,0,0,1
bloody,15,1,0,16
bloomed,1,0,0,1
blossom,6,0,0,6
blossomed,1,0,0,1
blossoms,2,0,0,2
blot,12,1,3,16
blotted,5,1,5,11
blotteth,1,0,0,1
blotting,0,1,0,1
blow,35,2,2,39
bloweth,3,1,3,7
blowing,4,0,1,5
blown,4,0,1,5
blue,49,0,3,52
blueness,1,0,0,1
blunt,1,0,0,1
blush,3,0,0,3
boanerges,0,1,0,1
boar,1,0,0,1
board,10,0,0,10
boards,36,1,0,37
boars,0,0,1,1
boast,10,9,4,23
boasted,1,1,1,3
boasters,0,2,0,2
boastest,1,0,0,1
boasteth,3,1,1,5
boasting,0,9,1,10
boastings,0,1,0,1
boat,1,4,0,5
boats,0,1,2,3
boaz,22,0,0,22
boccas,0,0,1,1
bocheru,2,0,0,2
bochim,2,0,0,2
bodies,18,12,10,40
bodily,0,4,1,5
body,39,112,45,196
body's,0,1,1,2
bohan,2,0,0,2
boil,15,0,0,15
boiled,3,0,0,3
boiling,1,0,0,1
boils,2,0,0,2
boisterous,0,1,0,1
bold,1,8,8,17
boldly,1,12,3,16
boldness,1,9,6,16
bolled,1,0,0,1
bolster,6,0,0,6
bolt,1,0,0,1
bolted,1,0,0,1
bond,8,10,0,18
bondage,22,15,6,43
bondmaid,1,1,0,2
bondmaids,1,0,0,1
bondman,5,1,1,7
bondmen,16,0,0,16
bonds,8,18,3,29
bondservant,1,0,0,1
bondservice,1,0,0,1
bondslave,0,0,1,1
bondwoman,3,3,0,6
bondwomen,3,0,0,3
bone,17,1,0,18
bones,79,5,7,91
bonnets,6,0,0,6
book,138,37,20,195
books,3,4,6,13
booth,2,0,0,2
booths,7,0,0,7
booties,1,0,0,1
booty,3,0,1,4
booz,0,2,0,2
border,126,2,0,128
borderers,0,0,1,1
bordereth,0,0,1,1
borders,38,3,23,64
bore,3,0,0,3
bored,1,0,0,1
borith,0,0,1,1
born,108,45,22,175
borne,21,10,8,39
borrow,6,1,0,7
borrowed,3,0,1,4
borrower,2,0,0,2
borroweth,1,0,0,1
borrowing,0,0,1,1
boscath,1,0,0,1
bosom,32,5,3,40
bosor,0,1,2,3
bosora,0,0,2,2
bosses,1,0,0,1
botch,2,0,0,2
both,252,99,91,442
bottle,14,0,1,15
bottles,7,4,0,11
bottom,18,2,2,22
bottomless,0,7,0,7
bottoms,1,0,1,2
bough,6,0,0,6
boughs,17,0,2,19
bought,30,14,3,47
bound,63,38,14,115
bounds,7,1,1,9
bountiful,2,0,3,5
bountifully,4,1,0,5
bountifulness,0,1,1,2
bounty,1,1,1,3
bow,92,5,16,113
bowed,69,5,6,80
bowels,28,9,5,42
boweth,3,0,1,4
bowing,3,1,3,7
bowl,17,0,1,18
bowls,21,0,0,21
bowmen,1,0,0,1
bows,14,0,0,14
box,4,3,1,8
boy,1,0,0,1
boys,2,0,0,2
bozez,1,0,0,1
bozkath,1,0,0,1
bozrah,9,0,0,9
bracelet,1,0,1,2
bracelets,10,0,1,11
bragged,0,0,1,1
bragging,0,0,1,1
brags,0,0,1,1
braided,0,0,1,1
brake,52,16,4,72
brakest,5,0,0,5
bramble,2,1,0,3
brambles,1,0,0,1
bran,0,0,1,1
branch,29,5,0,34
branches,45,13,12,70
brand,1,0,0,1
brandish,1,0,0,1
brands,1,0,0,1
brasen,27,1,0,28
brass,107,6,14,127
bravely,0,0,1,1
bravery,1,0,0,1
brawler,0,1,0,1
brawlers,0,1,0,1
brawling,2,0,1,3
brawls,0,0,1,1
bray,2,0,0,2
brayed,1,0,0,1
breach,20,0,1,21
breaches,14,0,0,14
bread,255,75,25,355
breadth,77,3,6,86
break,123,10,8,141
breaker,1,1,0,2
breakest,1,0,1,2
breaketh,15,0,8,23
breaking,14,4,0,18
breakings,1,0,0,1
breast,14,3,1,18
breastplate,22,2,4,28
breastplates,0,2,1,3
breasts,25,2,3,30
breath,41,1,14,56
breathe,4,0,1,5
breathed,3,1,1,5
breatheth,1,0,0,1
breathing,1,1,3,5
bred,1,0,1,2
breeches,5,0,1,6
breed,2,0,0,2
breeding,1,0,0,1
brethren,312,229,100,641
brethren's,1,0,0,1
brevity,0,0,1,1
bribe,2,0,0,2
bribery,1,0,1,2
bribes,3,0,0,3
brick,6,0,1,7
brick-kiln,1,0,0,1
brickkiln,2,0,0,2
bricks,4,0,0,4
bride,9,5,3,17
bridechamber,0,3,0,3
bridegroom,8,12,3,23
bridegroom's,0,1,0,1
bridegrooms,0,0,2,2
bridge,0,0,1,1
bridle,8,1,0,9
bridles,0,1,2,3
bridleth,0,1,0,1
briefly,0,2,1,3
brier,3,0,0,3
briers,11,1,0,12
brigandine,1,0,0,1
brigandines,1,0,0,1
bright,24,4,5,33
brighter,0,0,2,2
brightness,19,3,5,27
brim,6,1,0,7
brimstone,7,7,0,14
bring,613,82,83,778
bringers,1,0,0,1
bringest,3,1,2,6
bringeth,52,18,16,86
bringing,14,9,3,26
brink,6,0,0,6
brittle,0,0,1,1
broad,30,2,7,39
broader,1,0,0,1
broided,0,1,0,1
broidered,8,0,0,8
broiled,0,1,0,1
broke,0,0,2,2
broken,154,25,17,196
brokenfooted,1,0,0,1
brokenhanded,1,0,0,1
brokenhearted,1,1,0,2
brood,0,1,1,2
brook,36,1,11,48
brooks,13,0,1,14
broth,3,0,0,3
brother,232,99,64,395
brother's,24,7,3,34
brotherhood,1,1,2,4
brotherly,1,4,0,5
brothers',1,0,0,1
brought,694,131,149,974
broughtest,13,0,5,18
brow,1,1,0,2
brown,4,0,0,4
bruise,6,1,0,7
bruised,7,2,0,9
bruises,1,0,0,1
bruising,1,1,0,2
bruit,2,0,0,2
brute,0,2,0,2
brutish,11,0,0,11
bucket,1,0,0,1
buckets,1,0,0,1
buckle,0,0,3,3
buckler,11,0,1,12
bucklers,5,0,0,5
bud,11,0,1,12
budded,4,1,0,5
budding,0,0,1,1
buds,1,0,0,1
buffet,0,2,0,2
buffeted,0,3,0,3
build,140,15,30,185
builded,43,4,19,66
buildedst,1,0,0,1
builder,0,1,1,2
builders,9,5,1,15
buildest,3,2,0,5
buildeth,7,1,3,11
building,28,7,22,57
buildings,0,3,0,3
built,148,14,28,190
bukki,4,0,0,4
bukkiah,2,0,0,2
bul,1,0,0,1
bull,2,0,1,3
bullock,94,0,0,94
bullock's,3,0,0,3
bullocks,44,0,6,50
bulls,7,2,0,9
bulrush,1,0,0,1
bulrushes,2,0,0,2
bulwarks,5,0,0,5
bunah,1,0,0,1
bunch,1,0,0,1
bunches,3,0,0,3
bundle,3,1,0,4
bundles,1,1,0,2
bunni,3,0,0,3
burden,58,7,2,67
burdened,0,2,0,2
burdens,20,3,2,25
burdensome,1,4,0,5
burial,4,2,5,11
buried,93,9,17,119
buriers,1,0,0,1
burieth,0,0,1,1
burn,123,8,11,142
burned,83,13,25,121
burneth,17,1,4,22
burning,46,9,9,64
burnings,3,0,0,3
burnished,1,0,0,1
burnt,324,4,36,364
burst,6,3,2,11
bursting,1,0,0,1
bury,30,6,11,47
burying,2,2,1,5
buryingplace,7,0,1,8
bush,4,5,2,11
bushel,0,3,0,3
bushes,3,0,1,4
bushy,1,0,0,1
busied,1,0,1,2
business,23,5,12,40
busy,1,0,0,1
busybodies,0,2,0,2
busybody,0,1,0,1
but,2192,1557,738,4487
butler,8,0,0,8
butlers,1,0,0,1
butlership,1,0,0,1
butter,10,0,0,10
buttocks,3,0,0,3
buy,38,14,7,59
buyer,3,0,1,4
buyest,2,0,0,2
buyeth,1,2,2,5
buying,0,0,1,1
buz,3,0,0,3
buzi,1,0,0,1
buzite,2,0,0,2
by,1547,685,402,2634
byways,1,0,0,1
byword,6,0,1,7
cab,1,0,0,1
cabbon,1,0,0,1
cabins,1,0,0,1
cabul,2,0,0,2
caddis,0,0,1,1
cades,0,0,2,2
cades-barne,0,0,1,1
cadmiel,0,0,2,2
caesar,0,20,0,20
caesar's,0,8,0,8
caesarea,0,17,0,17
cage,1,1,1,3
caiaphas,0,9,0,9
cain,14,3,0,17
cainan,5,2,0,7
cake,12,0,0,12
cakes,22,0,0,22
calah,2,0,0,2
calamities,3,0,8,11
calamity,17,0,5,22
calamolalus,0,0,1,1
calamus,3,0,0,3
calcol,1,0,0,1
caldron,6,0,0,6
caldrons,3,0,1,4
caleb,32,0,3,35
caleb's,4,0,0,4
calebephratah,1,0,0,1
calf,24,5,0,29
calf's,1,0,0,1
calitas,0,0,2,2
calkers,2,0,0,2
call,142,47,26,215
called,380,220,126,726
calledst,4,0,1,5
callest,0,3,0,3
calleth,13,17,5,35
calling,5,19,5,29
callisthenes,0,0,1,1
calm,3,3,0,6
calneh,2,0,0,2
calno,1,0,0,1
calphi,0,0,1,1
calvary,0,1,0,1
calve,2,0,0,2
calved,1,0,0,1
calves,16,2,3,21
calveth,1,0,0,1
came,1434,484,292,2210
camel,5,4,0,9
camel's,1,2,1,4
camels,44,0,3,47
camels',3,0,0,3
camest,23,4,3,30
camon,1,0,0,1
camp,121,3,29,153
camped,1,0,12,13
camphire,2,0,0,2
camps,7,0,2,9
can,141,72,59,272
cana,0,4,0,4
canaan,87,1,0,88
canaanite,12,2,0,14
canaanites,53,0,2,55
canaanitess,1,0,0,1
canaanitish,2,0,0,2
candace,0,1,0,1
candle,8,8,2,18
candles,1,0,1,2
candlestick,27,6,5,38
candlesticks,6,5,0,11
cane,2,0,0,2
canker,0,1,0,1
cankered,0,1,0,1
cankerworm,4,0,0,4
canneh,1,0,0,1
cannot,106,69,45,220
canopy,0,0,4,4
canst,35,11,15,61
capernaum,0,16,0,16
capharsalama,0,0,1,1
caphenatha,0,0,1,1
caphira,0,0,1,1
caphthorim,1,0,0,1
caphtor,3,0,0,3
caphtorim,1,0,0,1
caphtorims,1,0,0,1
cappadocia,0,2,0,2
captain,113,23,30,166
captains,96,6,18,120
captive,51,4,7,62
captives,39,1,16,56
captivities,0,0,1,1
captivity,115,4,34,153
car,0,0,1,1
carabasion,0,0,1,1
carbuncle,3,0,2,5
carbuncles,1,0,0,1
carcas,1,0,0,1
carcase,25,1,1,27
carcases,20,1,1,22
carchamis,0,0,1,1
carchemish,2,0,0,2
care,5,14,26,45
careah,1,0,0,1
cared,1,2,1,4
careful,3,4,5,12
carefully,2,2,5,9
carefulness,2,2,1,5
careless,5,0,0,5
carelessly,3,0,0,3
cares,0,3,2,5
carest,0,3,0,3
careth,1,5,2,8
caria,0,0,1,1
caring,1,0,1,2
carmanians,0,0,1,1
carme,0,0,1,1
carmel,25,0,1,26
carmelite,5,0,0,5
carmelitess,2,0,0,2
carmi,8,0,0,8
carmites,1,0,0,1
carnaim,0,0,3,3
carnal,0,10,0,10
carnally,3,1,0,4
carnion,0,0,2,2
carpenter,2,1,2,5
carpenter's,0,1,0,1
carpenters,9,0,2,11
carpus,0,1,0,1
carriage,2,0,2,4
carriages,2,1,3,6
carried,113,19,30,162
carriest,1,0,0,1
carrieth,2,1,1,4
carrs,0,0,1,1
carry,80,8,8,96
carrying,3,2,3,8
carshena,1,0,0,1
cart,11,0,0,11
carts,0,0,1,1
cartwheel,0,0,1,1
carved,11,0,3,14
carving,2,0,0,2
carvings,1,0,0,1
case,5,3,5,13
casement,1,0,0,1
cases,0,1,0,1
casiphia,1,0,0,1
casleu,0,0,6,6
casluhim,2,0,0,2
casphon,0,0,1,1
casphor,0,0,1,1
caspis,0,0,1,1
cassia,3,0,0,3
cast,323,151,77,551
castaway,0,1,0,1
castedst,1,0,0,1
castest,2,0,0,2
casteth,10,6,4,20
casting,8,13,6,27
castle,3,6,3,12
castles,6,0,2,8
castor,0,1,0,1
catalogue,0,0,1,1
catch,11,3,0,14
catcheth,1,2,1,4
caterpiller,5,0,0,5
caterpillers,4,0,0,4
cathua,0,0,1,1
cats,0,0,1,1
cattle,131,2,22,155
caught,20,17,2,39
caul,12,0,0,12
cauls,1,0,0,1
cause,268,49,46,363
caused,89,3,11,103
causeless,2,0,0,2
causes,6,1,2,9
causest,2,0,0,2
causeth,26,5,5,36
causeway,2,0,0,2
causing,4,0,0,4
cave,28,1,2,31
cave's,1,0,0,1
caves,5,1,1,7
cease,65,5,11,81
ceased,16,14,9,39
ceaseth,8,1,0,9
ceasing,1,6,2,9
cedar,48,0,4,52
cedars,23,0,0,23
cedron,0,1,2,3
cedrou,0,0,1,1
ceilan,0,0,1,1
ceiling,1,0,0,1
celebrate,3,0,3,6
celebrated,0,0,1,1
celebrating,0,0,1,1
celestial,0,1,0,1
cellars,2,0,0,2
celosyria,0,0,13,13
cenchrea,0,2,0,2
cendebeus,0,0,6,6
censer,7,3,1,11
censers,8,0,2,10
centinels,0,0,1,1
centurion,0,20,0,20
centurion's,0,1,0,1
centurions,0,3,0,3
cephas,0,6,0,6
ceras,0,0,1,1
ceremonies,1,0,2,3
certain,60,134,35,229
certainly,30,1,0,31
certainty,4,3,0,7
certified,2,0,4,6
certify,4,1,2,7
cetab,0,0,1,1
chabris,0,0,3,3
chadias,0,0,1,1
chafed,1,0,0,1
chaff,12,2,0,14
chain,10,3,4,17
chains,26,8,2,36
chalcedony,0,1,0,1
chalcol,1,0,0,1
chaldaeans,0,1,0,1
chaldea,7,0,1,8
chaldean,2,0,0,2
chaldeans,65,0,4,69
chaldeans',1,0,0,1
chaldees,13,0,3,16
chaldees',1,0,0,1
chalkstones,1,0,0,1
challenge,0,0,1,1
challengeth,1,0,0,1
chamber,45,3,9,57
chambering,0,1,0,1
chamberlain,4,2,0,6
chamberlains,9,0,0,9
chambers,58,1,5,64
chameleon,1,0,0,1
chamois,1,0,0,1
champaign,1,0,1,2
champion,3,0,0,3
chanaan,0,2,6,8
chanaanite,0,0,1,1
chance,4,2,0,6
chanced,0,0,1,1
chancellor,3,0,0,3
chanceth,1,0,0,1
change,18,5,7,30
changeable,1,0,0,1
changed,33,8,9,50
changers,0,1,0,1
changers',0,1,0,1
changes,6,0,0,6
changest,1,0,0,1
changeth,2,0,3,5
changing,1,0,7,8
channel,1,0,0,1
channels,3,0,0,3
channuneus,0,0,1,1
chant,1,0,0,1
chapel,1,0,0,1
chapels,0,0,3,3
chapiter,8,0,0,8
chapiters,14,0,0,14
chapmen,1,0,0,1
chapt,1,0,0,1
charaathalar,0,0,1,1
characa,0,0,1,1
charashim,1,0,0,1
charchemish,1,0,0,1
charcus,0,0,1,1
charea,0,0,1,1
charge,76,18,14,108
chargeable,2,3,0,5
charged,32,18,2,52
chargedst,1,0,0,1
charger,13,4,0,17
chargers,2,0,0,2
charges,4,2,5,11
chargest,1,0,0,1
charging,0,2,1,3
chariot,53,3,6,62
chariotman,0,0,1,1
chariots,101,2,8,111
charitably,0,1,0,1
charity,0,24,0,24
charmed,1,0,0,1
charmer,1,0,1,2
charmers,2,0,0,2
charming,1,0,0,1
charmis,0,0,3,3
charran,0,2,0,2
chase,6,0,0,6
chaseba,0,0,1,1
chased,13,0,4,17
chaseth,1,0,0,1
chasing,1,0,0,1
chaste,0,3,0,3
chasten,5,1,2,8
chastened,5,3,0,8
chastenest,1,0,1,2
chasteneth,2,2,0,4
chastening,3,3,2,8
chastise,8,2,1,11
chastised,5,0,3,8
chastisement,4,1,0,5
chastiseth,1,0,1,2
chastity,0,0,1,1
chatter,1,0,0,1
cheap,0,0,1,1
chebar,8,0,0,8
check,1,0,0,1
checker,1,0,0,1
chedorlaomer,5,0,0,5
cheek,7,2,0,9
cheeks,5,0,1,6
cheer,2,8,6,16
cheered,0,0,1,1
cheereth,1,0,1,2
cheerful,3,1,9,13
cheerfully,0,1,3,4
cheerfulness,0,1,4,5
cheese,2,0,0,2
cheeses,1,0,0,1
chelal,1,0,0,1
chelcias,0,0,5,5
chellians,0,0,1,1
chelluh,1,0,0,1
chelod,0,0,1,1
chelub,2,0,0,2
chelubai,1,0,0,1
chelus,0,0,1,1
chemarims,1,0,0,1
chemosh,8,0,0,8
chenaanah,5,0,0,5
chenani,1,0,0,1
chenaniah,3,0,0,3
chepharhaammonai,1,0,0,1
chephirah,4,0,0,4
cheran,2,0,0,2
chereas,0,0,2,2
cherethims,1,0,0,1
cherethites,9,0,0,9
cherish,1,0,0,1
cherished,1,0,0,1
cherisheth,0,2,0,2
cherith,2,0,0,2
cherub,21,0,0,21
cherubims,55,1,2,58
cherubims',1,0,0,1
chesalon,1,0,0,1
chesed,1,0,0,1
chesil,1,0,0,1
chesnut,1,0,0,1
chest,5,0,0,5
chestnut,1,0,0,1
chests,1,0,0,1
chesulloth,1,0,0,1
chettiim,0,0,1,1
chew,2,0,0,2
chewed,1,0,0,1
cheweth,8,0,0,8
chezib,1,0,0,1
chickens,0,1,1,2
chide,3,0,0,3
chiding,1,0,0,1
chidon,1,0,0,1
chief,163,110,41,314
chiefest,5,3,1,9
chiefly,0,3,1,4
child,126,55,22,203
child's,3,1,0,4
childbearing,0,1,0,1
childbed,0,0,1,1
childhood,2,0,0,2
childish,0,1,0,1
childless,5,1,0,6
children,1367,148,212,1727
children's,16,3,3,22
chileab,1,0,0,1
chilion,2,0,0,2
chilion's,1,0,0,1
chilmad,1,0,0,1
chimham,4,0,0,4
chimney,1,0,0,1
chimneys,0,0,1,1
chinnereth,4,0,0,4
chinneroth,2,0,0,2
chios,0,1,0,1
chisleu,2,0,0,2
chislon,1,0,0,1
chislothtabor,1,0,0,1
chittim,6,0,0,6
chiun,1,0,0,1
chloe,0,1,0,1
choba,0,0,1,1
chobai,0,0,2,2
chode,2,0,0,2
choice,20,1,2,23
choicest,2,0,0,2
choke,0,2,0,2
choked,0,6,0,6
choking,0,0,1,1
choler,2,0,2,4
choose,57,1,10,68
choosest,2,0,0,2
chooseth,3,0,0,3
choosing,0,1,5,6
chop,1,0,0,1
chorashan,1,0,0,1
chorazin,0,2,0,2
chosameus,0,0,1,1
chose,22,5,16,43
chosen,91,28,23,142
chozeba,1,0,0,1
christ,0,522,1,523
christ's,0,14,0,14
christian,0,2,0,2
christians,0,1,0,1
christs,0,2,0,2
chronicles,38,0,3,41
chrysolyte,0,1,0,1
chrysoprasus,0,1,0,1
chub,1,0,0,1
chun,1,0,0,1
church,0,76,0,76
churches,0,36,0,36
churchrobber,0,0,1,1
churl,2,0,0,2
churlish,1,0,1,2
churlishly,0,0,1,1
churlishness,0,0,1,1
churning,1,0,0,1
chushanrishathaim,2,0,0,2
chusi,0,0,1,1
chuza,0,1,0,1
cieled,4,0,0,4
cilicia,0,8,6,14
cinnamon,3,1,1,5
cinneroth,1,0,0,1
cirama,0,0,1,1
circle,1,0,2,3
circuit,3,0,2,5
circuits,1,0,1,2
circumcise,6,4,0,10
circumcised,21,13,5,39
circumcising,1,1,0,2
circumcision,1,31,0,32
circumcisions,0,0,1,1
circumspect,1,0,1,2
circumspection,0,0,1,1
circumspectly,0,1,0,1
cis,0,1,0,1
cisai,0,0,1,1
cistern,4,0,1,5
cisterns,1,0,2,3
cites,0,0,2,2
citherns,0,0,1,1
cities,375,19,56,450
citims,0,0,1,1
citizen,0,2,0,2
citizens,0,1,6,7
city,635,142,176,953
clad,2,0,1,3
clamorous,1,0,0,1
clamour,0,1,0,1
clap,6,0,1,7
clapped,2,0,0,2
clappeth,1,0,0,1
clauda,0,1,0,1
claudia,0,1,0,1
claudius,0,3,0,3
clave,13,1,0,14
claws,3,0,1,4
clay,25,5,7,37
clean,99,18,4,121
cleanness,5,0,0,5
cleanse,26,6,2,34
cleansed,30,9,8,47
cleanseth,2,1,0,3
cleansing,8,2,2,12
clear,10,4,5,19
clearer,1,0,0,1
clearing,1,1,0,2
clearly,1,4,1,6
clearness,1,0,1,2
cleave,26,4,6,36
cleaved,3,0,1,4
cleaveth,12,1,2,15
cleaving,0,0,1,1
cleft,2,0,0,2
clefts,5,0,1,6
clemency,0,1,1,2
clement,0,1,0,1
cleopas,0,1,0,1
cleopatra,0,0,3,3
cleophas,0,1,0,1
cliff,1,0,0,1
cliffs,1,0,0,1
clift,1,0,0,1
clifts,1,0,0,1
climb,4,0,1,5
climbed,1,1,2,4
climbeth,0,1,0,1
climbing,0,0,1,1
clipped,1,0,0,1
cloak,1,3,0,4
clods,6,0,1,7
cloke,0,3,0,3
close,9,2,5,16
closed,8,3,2,13
closer,1,0,0,1
closest,1,0,0,1
closet,1,1,0,2
closets,0,1,0,1
cloth,13,5,1,19
clothe,12,2,3,17
clothed,44,28,15,87
clothes,78,20,14,112
clothest,1,0,0,1
clotheth,0,0,1,1
clothing,14,5,7,26
cloths,4,0,1,5
cloud,79,15,10,104
clouds,41,8,14,63
cloudy,6,0,1,7
clouted,1,0,0,1
clouts,2,0,0,2
cloven,1,1,0,2
clovenfooted,3,0,0,3
clubs,0,0,1,1
cluster,5,0,2,7
clusters,6,1,1,8
cnidus,0,1,1,2
coal,4,0,0,4
coals,21,3,3,27
coast,50,2,10,62
coasts,36,14,8,58
coat,16,4,1,21
coats,9,5,3,17
cock,0,11,0,11
cockatrice,1,0,0,1
cockatrice',2,0,0,2
cockatrices,1,0,0,1
cockcrowing,0,1,0,1
cocker,0,0,1,1
cockle,1,0,0,1
coffer,3,0,0,3
coffin,1,0,0,1
cogitation,0,0,1,1
cogitations,1,0,1,2
coin,0,0,1,1
cola,0,0,1,1
cold,10,7,3,20
colhozeh,2,0,0,2
colius,0,0,1,1
collar,1,0,1,2
collars,1,0,0,1
collected,0,0,1,1
collection,2,1,1,4
collector,0,0,1,1
college,2,0,0,2
collops,1,0,0,1
colony,0,1,1,2
colosse,0,1,0,1
colour,11,2,4,17
coloured,0,1,0,1
colouring,0,0,1,1
colours,10,0,2,12
colt,3,11,0,14
colts,3,0,0,3
come,1260,556,262,2078
comeliness,4,1,2,7
comely,13,3,9,25
comers,0,1,0,1
comes,0,0,1,1
comest,26,3,4,33
cometh,146,122,39,307
comfort,39,23,27,89
comfortable,2,0,1,3
comfortably,5,0,0,5
comforted,20,16,13,49
comfortedst,1,0,0,1
comforter,3,4,0,7
comforters,5,0,0,5
comforteth,3,2,0,5
comforting,0,0,1,1
comfortless,0,1,0,1
comforts,2,0,0,2
coming,32,67,33,132
comings,1,0,0,1
command,86,17,13,116
commanded,368,62,96,526
commandedst,4,0,5,9
commander,1,0,0,1
commandest,2,1,1,4
commandeth,9,4,3,16
commanding,1,3,6,10
commandment,114,53,57,224
commandment's,0,0,1,1
commandments,138,30,49,217
commend,0,7,4,11
commendable,0,0,1,1
commendation,0,1,0,1
commended,3,3,5,11
commendeth,0,3,0,3
commending,0,1,0,1
commentaries,0,0,1,1
commission,0,1,4,5
commissioner,0,0,1,1
commissions,1,0,0,1
commit,44,23,8,75
committed,62,27,34,123
committest,1,0,0,1
committeth,8,9,0,17
committing,2,0,0,2
commodious,0,1,2,3
common,8,13,12,33
commonly,0,2,0,2
commonwealth,0,1,1,2
commotion,1,0,0,1
commotions,0,1,1,2
commune,8,0,2,10
communed,14,4,0,18
communicate,0,4,2,6
communicated,0,2,2,4
communicateth,0,0,1,1
communication,2,4,2,8
communications,0,2,0,2
communing,2,0,1,3
communion,0,3,0,3
compact,1,0,0,1
compacted,0,1,1,2
companied,0,1,1,2
companies,16,1,1,18
companion,11,2,5,18
companions,18,2,4,24
companions',1,0,0,1
company,57,24,39,120
companying,0,0,2,2
comparable,1,0,1,2
compare,2,2,0,4
compared,4,1,5,10
comparing,0,2,0,2
comparison,3,1,3,7
compass,35,3,6,44
compassed,37,5,15,57
compassest,1,0,0,1
compasseth,5,0,2,7
compassing,2,0,0,2
compassion,19,20,7,46
compassions,2,0,0,2
compel,2,3,2,7
compelled,2,4,7,13
compellest,0,1,0,1
complain,4,0,5,9
complained,2,0,2,4
complainers,0,1,0,1
complaining,1,0,0,1
complaint,7,0,1,8
complaints,1,1,1,3
complete,1,2,2,5
composition,2,0,1,3
compound,1,0,0,1
compoundeth,1,0,0,1
comprehend,1,1,7,9
comprehended,1,2,1,4
comprehending,0,0,1,1
conaniah,1,0,0,1
conceal,6,0,0,6
concealed,2,0,0,2
concealeth,2,0,0,2
conceit,5,0,2,7
conceits,0,2,0,2
conceive,11,2,3,16
conceived,38,7,1,46
conceiving,1,0,0,1
conception,3,0,0,3
concern,0,2,0,2
concerneth,2,0,2,4
concerning,158,60,31,249
concert,0,0,1,1
concision,0,1,0,1
conclude,0,1,0,1
concluded,0,3,1,4
conclusion,1,0,0,1
concord,0,1,0,1
concourse,1,1,1,3
concubine,21,0,2,23
concubines,16,0,0,16
concupiscence,0,3,2,5
condemn,12,12,6,30
condemnation,0,12,1,13
condemned,4,16,9,29
condemnest,0,1,0,1
condemneth,2,2,0,4
condemning,1,1,0,2
condescend,0,1,0,1
condition,1,0,3,4
conditions,0,1,2,3
conduct,2,1,3,6
conducted,1,1,0,2
conduit,4,0,1,5
coney,2,0,0,2
confection,1,0,1,2
confectionaries,1,0,0,1
confederacy,2,0,3,5
confederate,3,0,2,5
confederates,0,0,6,6
conference,0,1,2,3
conferred,1,3,0,4
confess,11,15,6,32
confessed,3,3,4,10
confesseth,1,2,1,4
confessing,1,2,1,4
confession,4,2,2,8
confidence,18,20,5,43
confidences,1,0,0,1
confident,2,6,1,9
confidently,0,1,0,1
confirm,10,3,7,20
confirmation,0,2,0,2
confirmed,7,6,5,18
confirmeth,3,0,0,3
confirming,0,3,0,3
confiscation,1,0,0,1
conflict,0,2,4,6
conform,0,0,1,1
conformable,0,1,0,1
conformed,0,2,0,2
confound,3,1,0,4
confounded,44,3,14,61
confused,1,1,0,2
confusion,22,3,5,30
congealed,1,0,2,3
congratulate,1,0,0,1
congregation,330,1,25,356
congregations,3,0,1,4
coniah,3,0,0,3
conies,2,0,0,2
conjectureth,0,0,1,1
cononiah,2,0,0,2
conquer,0,1,0,1
conquered,0,0,4,4
conquereth,0,0,1,1
conquering,0,1,0,1
conquerors,0,1,0,1
conscience,0,29,3,32
consciences,0,1,0,1
consecrate,14,0,0,14
consecrated,12,2,3,17
consecration,9,0,0,9
consecrations,4,0,0,4
consent,11,4,12,27
consented,2,2,4,8
consentedst,1,0,0,1
consenting,0,2,0,2
consider,56,10,11,77
considerate,0,0,1,1
consideration,0,0,1,1
considered,12,4,6,22
considerest,1,1,0,2
considereth,9,0,2,11
considering,2,2,10,14
consist,0,1,1,2
consisteth,0,1,0,1
consolation,1,13,0,14
consolations,3,0,0,3
consorted,0,1,0,1
consorteth,0,0,1,1
conspicuous,0,0,2,2
conspiracy,9,1,1,11
conspirators,1,0,0,1
conspire,0,0,1,1
conspired,19,0,2,21
conspiring,0,0,1,1
constant,1,0,3,4
constantly,1,2,1,4
constellation,0,0,1,1
constellations,1,0,0,1
constitution,0,0,1,1
constrain,0,1,0,1
constrained,1,5,2,8
constraineth,1,1,0,2
constraint,0,1,1,2
consul,0,0,1,1
consult,1,0,6,7
consultation,0,1,0,1
consulted,11,2,4,17
consulter,1,0,0,1
consulteth,0,1,0,1
consulting,0,0,1,1
consume,48,3,9,60
consumed,94,1,19,114
consumeth,4,0,4,8
consuming,2,1,2,5
consummation,1,0,0,1
consumption,5,0,0,5
contain,5,2,0,7
contained,2,3,2,7
containeth,1,0,2,3
containing,0,1,2,3
contemn,2,0,0,2
contemned,4,0,1,5
contemner,0,0,1,1
contemneth,1,0,2,3
contempt,10,0,3,13
contemptible,3,1,0,4
contemptuously,1,0,0,1
contend,13,1,1,15
contended,5,1,1,7
contendest,1,0,0,1
contendeth,3,0,1,4
contending,0,1,0,1
content,10,6,7,23
contented,0,0,1,1
contention,6,3,2,11
contentions,4,2,1,7
contentious,3,2,0,5
contentment,0,1,2,3
contents,0,0,2,2
continent,0,0,1,1
continual,30,2,3,35
continually,74,7,28,109
continuance,3,1,1,5
continue,16,22,10,48
continued,13,16,9,38
continueth,1,4,0,5
continuing,1,3,0,4
contracts,0,0,1,1
contradicting,0,1,0,1
contradiction,0,2,0,2
contrariwise,0,3,0,3
contrary,9,14,6,29
contribution,0,1,0,1
contrite,4,0,1,5
control,0,0,1,1
controversies,1,0,0,1
controversy,11,1,0,12
convenient,3,6,12,21
conveniently,0,1,1,2
conversant,2,0,6,8
conversation,2,18,4,24
conversed,0,0,2,2
conversion,0,1,1,2
convert,1,1,0,2
converted,2,7,0,9
converteth,0,1,0,1
converting,1,0,0,1
converts,1,0,0,1
convey,2,0,2,4
conveyed,0,1,3,4
convicted,0,1,2,3
convince,0,2,1,3
convinced,1,3,0,4
convinceth,0,1,0,1
convocation,15,0,0,15
convocations,3,0,0,3
cook,2,0,0,2
cooks,1,0,0,1
cool,1,1,0,2
coos,0,1,0,1
copied,1,0,0,1
copies,0,0,1,1
coping,1,0,0,1
copper,1,0,0,1
coppersmith,0,1,0,1
copulation,3,0,0,3
copy,9,0,14,23
cor,1,0,0,1
coral,2,0,0,2
corban,0,1,0,1
corbe,0,0,1,1
cord,6,0,1,7
cords,25,1,1,27
core,0,1,1,2
coriander,2,0,0,2
corinth,0,6,0,6
corinthians,0,2,0,2
cormorant,4,0,0,4
corn,86,8,4,98
cornelius,0,10,0,10
corner,28,8,2,38
corners,33,4,1,38
cornet,7,0,0,7
cornets,2,0,0,2
cornfloor,1,0,0,1
coronation,0,0,1,1
corpse,0,1,0,1
corpses,3,0,0,3
correct,7,0,1,8
corrected,1,1,0,2
correcteth,2,0,0,2
correction,11,1,6,18
corrupt,17,14,4,35
corrupted,11,3,2,16
corrupters,2,0,0,2
corrupteth,0,1,0,1
corruptible,0,7,6,13
corrupting,1,0,0,1
corruption,8,13,11,32
corruptly,2,0,0,2
cors,0,0,1,1
cos,0,0,1,1
cosam,0,1,0,1
cost,3,1,0,4
costliness,0,1,0,1
costly,4,2,3,9
costs,0,0,1,1
cotes,1,0,0,1
cottage,2,0,1,3
cottages,1,0,0,1
couch,5,2,0,7
couched,2,0,0,2
couches,1,1,0,2
coucheth,1,0,0,1
couching,2,0,0,2
could,108,55,48,211
couldest,3,2,1,6
coulter,1,0,0,1
coulters,1,0,0,1
council,1,22,10,33
councils,0,2,0,2
counsel,118,19,45,182
counselled,4,0,1,5
counselleth,0,0,1,1
counsellor,11,3,5,19
counsellors,21,0,3,24
counsels,11,1,11,23
count,13,12,3,28
counted,25,15,13,53
countenance,45,6,28,79
countenances,2,0,1,3
counterfeit,0,0,3,3
counterfeits,0,0,1,1
countervail,1,0,1,2
counteth,2,1,3,6
counting,1,0,0,1
countries,52,1,17,70
country,126,47,114,287
countrymen,0,2,8,10
couple,10,0,0,10
coupled,7,1,0,8
coupleth,2,0,0,2
coupling,8,0,0,8
couplings,1,0,0,1
courage,19,1,13,33
courageous,5,0,1,6
courageously,1,0,5,6
courageousness,0,0,1,1
course,20,12,8,40
courses,16,0,1,17
court,98,1,9,108
courteous,0,1,1,2
courteously,0,2,1,3
courtesy,0,0,1,1
courts,23,1,2,26
courtyard,0,0,1,1
cousin,0,1,8,9
cousins,0,1,0,1
coutha,0,0,1,1
covenant,254,18,41,313
covenantbreakers,0,1,0,1
covenanted,2,2,1,5
covenants,0,3,20,23
cover,67,4,14,85
covered,94,6,18,118
coveredst,2,0,0,2
coverest,2,0,0,2
covereth,26,1,1,28
covering,42,1,2,45
coverings,2,0,1,3
covers,3,0,0,3
covert,9,0,1,10
covet,3,4,0,7
coveted,1,2,0,3
coveteth,2,0,0,2
covetous,1,8,2,11
covetousness,10,9,3,22
cow,6,0,0,6
cow's,1,0,0,1
coward,0,0,1,1
coz,1,0,0,1
cozbi,2,0,0,2
crackling,1,0,0,1
cracknels,1,0,0,1
craft,1,5,2,8
craftiness,1,4,0,5
craftsman,1,1,0,2
craftsmen,5,2,0,7
crafty,3,1,1,5
crag,1,0,0,1
crane,2,0,0,2
crashing,1,0,0,1
crates,0,0,1,1
craved,0,1,0,1
craveth,1,0,0,1
create,6,0,0,6
created,28,10,38,76
createth,1,0,0,1
creation,0,6,2,8
creator,3,2,5,10
creature,15,13,16,44
creatures,7,2,13,22
credence,0,0,2,2
credit,0,0,4,4
creditor,2,1,0,3
creditors,1,0,0,1
creek,0,1,0,1
creep,6,1,0,7
creepeth,14,0,0,14
creeping,26,3,3,32
crept,0,1,1,2
crescens,0,1,0,1
crete,0,5,1,6
cretes,0,1,0,1
cretians,0,1,0,1
crew,0,5,1,6
crib,3,0,0,3
cried,129,66,33,228
crier,0,0,1,1
cries,0,1,0,1
criest,5,0,0,5
crieth,13,4,3,20
crime,1,1,1,3
crimes,1,1,0,2
crimson,5,0,0,5
cripple,0,1,0,1
crisping,1,0,0,1
crispus,0,2,0,2
crookbackt,1,0,0,1
crooked,12,2,3,17
crop,2,0,0,2
cropped,1,0,0,1
cross,0,28,0,28
crossway,1,0,0,1
crouch,1,0,0,1
croucheth,1,0,0,1
crouching,0,0,1,1
crow,0,7,0,7
crown,51,15,27,93
crowned,4,2,3,9
crownedst,0,1,0,1
crownest,1,0,0,1
crowneth,1,0,2,3
crowning,1,0,0,1
crowns,3,6,5,14
crows,0,0,1,1
crucified,0,37,0,37
crucify,0,12,0,12
cruel,18,1,7,26
cruelly,1,0,3,4
cruelty,5,0,2,7
crumbs,0,3,0,3
cruse,9,0,1,10
crush,4,0,0,4
crushed,7,0,0,7
cry,159,9,20,188
crying,12,19,3,34
crystal,2,3,0,5
cubit,26,2,0,28
cubits,128,2,6,136
cuckow,2,0,0,2
cucumbers,2,0,1,3
cud,9,0,0,9
culture,0,0,1,1
cumbered,0,1,0,1
cumbereth,0,1,0,1
cumbrance,1,0,0,1
cumi,0,1,0,1
cummin,2,1,0,3
cunning,29,1,4,34
cunningly,0,1,0,1
cup,31,28,2,61
cupbearer,1,0,1,2
cupbearers,2,0,0,2
cupboard,0,0,1,1
cups,4,2,2,8
curdled,1,0,0,1
cure,2,2,0,4
cured,1,3,1,5
cures,0,1,0,1
curious,9,1,4,14
curiously,1,0,0,1
current,1,0,0,1
curse,81,11,11,103
cursed,63,5,9,77
cursedst,1,1,0,2
curses,8,0,0,8
cursest,1,0,0,1
curseth,8,2,2,12
cursing,9,3,0,12
cursings,1,0,1,2
curtain,15,0,0,15
curtains,25,0,0,25
cush,7,0,0,7
cushan,1,0,0,1
cushi,7,0,0,7
custody,4,0,0,4
custom,8,11,9,28
customs,2,5,6,13
cut,286,22,10,318
cuth,1,0,0,1
cuthah,1,0,0,1
cuttest,1,0,0,1
cutteth,6,0,1,7
cutting,4,1,1,6
cuttings,3,0,0,3
cymbal,0,1,0,1
cymbals,15,0,4,19
cynamon,0,0,1,1
cypress,1,0,2,3
cyprians,0,0,1,1
cyprus,0,8,3,11
cyrene,0,4,2,6
cyrenian,0,2,0,2
cyrenians,0,1,0,1
cyrenius,0,1,0,1
cyrus,19,0,18,37
dabareh,1,0,0,1
dabbasheth,1,0,0,1
daberath,2,0,0,2
dabria,0,0,1,1
dacobi,0,0,1,1
daddeus,0,0,1,1
dagger,3,0,1,4
dagon,7,0,2,9
dagon's,1,0,0,1
daidem,0,0,1,1
daily,40,22,11,73
dainties,3,0,1,4
daintily,0,0,1,1
dainty,2,1,1,4
daisan,0,0,1,1
dalaiah,1,0,0,1
dale,2,0,0,2
dallied,0,0,2,2
dalmanutha,0,1,0,1
dalmatia,0,1,0,1
dalphon,1,0,0,1
dam,4,0,0,4
damage,4,2,0,6
damaris,0,1,0,1
damascenes,0,1,0,1
damascus,40,15,6,61
damnable,0,1,0,1
damnation,0,11,1,12
damned,0,3,0,3
damsel,24,11,1,36
damsel's,8,0,0,8
damsels,3,0,1,4
dan,64,0,0,64
dance,8,0,2,10
danced,2,4,0,6
dances,6,0,1,7
dancing,6,1,0,7
dandled,1,0,0,1
danger,0,5,12,17
dangerous,0,1,2,3
dangers,0,0,1,1
daniel,71,2,30,103
daniel's,0,0,1,1
danites,4,0,0,4
danjaan,1,0,0,1
dannah,1,0,0,1
daphne,0,0,1,1
dara,1,0,0,1
darda,1,0,0,1
dare,1,4,0,5
darest,0,0,1,1
darius,25,0,20,45
dark,38,4,7,49
darken,1,0,0,1
darkened,11,8,0,19
darkeneth,1,0,1,2
darkish,1,0,0,1
darkly,0,1,0,1
darkness,97,45,18,160
darkon,2,0,0,2
darling,2,0,0,2
dart,2,1,0,3
darts,3,1,5,9
dash,5,2,1,8
dashed,5,0,0,5
dasheth,2,0,0,2
dathan,8,0,0,8
dathan's,0,0,1,1
dathema,0,0,1,1
daub,1,0,0,1
daubed,6,0,0,6
daubing,1,0,0,1
daughers,2,0,0,2
daughter,263,25,43,331
daughter's,3,0,0,3
daughters,216,6,17,239
daunted,0,0,2,2
david,805,53,23,881
david's,51,1,0,52
dawn,0,2,0,2
dawning,5,0,0,5
day,1248,288,223,1759
day's,5,3,1,9
days,629,156,138,923
days',12,0,2,14
daysman,1,0,0,1
dayspring,1,1,1,3
daytime,3,0,1,4
deacon,0,2,0,2
deacons,0,3,0,3
dead,160,171,68,399
deadly,3,4,1,8
deadness,0,1,0,1
deaf,10,5,0,15
deal,56,2,10,68
dealer,1,0,0,1
dealers,1,0,0,1
dealest,2,0,0,2
dealeth,9,1,2,12
dealing,1,0,9,10
dealings,1,1,1,3
deals,13,0,0,13
dealt,51,5,11,67
dear,1,6,3,10
dearly,1,8,0,9
dearth,5,2,0,7
death,218,124,114,456
deaths,3,1,0,4
debase,1,0,0,1
debate,3,1,1,5
debates,0,1,0,1
debir,12,0,0,12
debora,0,0,1,1
deborah,10,0,0,10
debt,3,4,1,8
debtor,1,3,0,4
debtors,0,5,0,5
debts,1,1,0,2
decapolis,0,3,0,3
decay,1,0,2,3
decayed,2,0,1,3
decayeth,2,1,0,3
decays,0,0,1,1
decease,0,2,0,2
deceased,1,1,0,2
deceit,28,5,19,52
deceitful,19,2,2,23
deceitfully,10,1,6,17
deceitfulness,0,3,0,3
deceits,2,0,1,3
deceivable,0,0,1,1
deceivableness,0,1,0,1
deceive,12,15,7,34
deceived,19,12,15,46
deceiver,3,2,0,5
deceivers,0,3,0,3
deceiveth,1,5,0,6
deceiving,0,2,0,2
deceivings,0,1,0,1
decently,0,1,1,2
decided,1,0,0,1
decision,1,0,0,1
deck,2,0,2,4
decked,4,2,4,10
deckedst,2,0,0,2
deckest,1,0,0,1
decketh,1,0,1,2
declaration,2,2,2,6
declare,77,18,40,135
declared,25,16,22,63
declareth,4,0,3,7
declaring,1,3,5,9
decline,5,0,0,5
declined,4,0,0,4
declineth,2,0,0,2
decrease,1,1,0,2
decreased,1,0,0,1
decreaseth,0,0,1,1
decree,47,1,5,53
decreed,4,1,7,12
decrees,1,2,0,3
dedan,10,0,0,10
dedanim,1,0,0,1
dedicate,4,0,2,6
dedicated,19,1,3,23
dedicating,2,0,0,2
dedication,8,1,5,14
deed,9,10,4,23
deeds,11,22,18,51
deemed,0,1,2,3
deep,54,9,18,81
deeper,9,0,0,9
deeply,2,1,0,3
deepness,0,1,0,1
deeps,4,0,0,4
deer,1,0,0,1
defaced,0,0,1,1
defamed,0,1,0,1
defaming,1,0,0,1
defeat,2,0,0,2
defeated,0,0,1,1
defective,0,0,1,1
defence,17,4,6,27
defenced,9,0,0,9
defend,11,0,12,23
defended,1,1,6,8
defender,0,0,4,4
defendest,1,0,0,1
defendeth,0,0,1,1
defending,1,0,0,1
defer,3,0,3,6
deferred,2,1,0,3
deferreth,1,0,0,1
defied,6,0,0,6
defile,28,8,4,40
defiled,62,7,15,84
defiledst,1,0,0,1
defileth,3,5,1,9
defiling,0,0,1,1
deflower,0,0,1,1
defraud,1,4,3,8
defrauded,2,2,1,5
defraudeth,0,0,2,2
defrauding,0,0,1,1
defray,0,0,2,2
defy,5,0,0,5
degenerate,1,0,0,1
degree,3,3,1,7
degrees,4,0,0,4
dehavites,1,0,0,1
dehorted,0,0,1,1
dekar,1,0,0,1
delaiah,6,0,0,6
delay,1,2,3,6
delayed,2,0,0,2
delayeth,0,2,0,2
delectable,1,0,0,1
deliberation,0,0,1,1
delicacies,0,1,0,1
delicate,5,0,4,9
delicately,3,1,0,4
delicateness,1,0,0,1
delicates,1,0,2,3
deliciously,0,2,0,2
delight,49,1,7,57
delighted,12,0,2,14
delightest,1,0,0,1
delighteth,13,0,2,15
delights,6,0,0,6
delightsome,1,0,0,1
delilah,6,0,0,6
deliver,254,27,56,337
deliverance,13,2,4,19
deliverances,1,0,0,1
delivered,213,73,65,351
deliveredst,1,2,1,4
deliverer,8,2,0,10
deliverest,2,0,3,5
delivereth,13,0,3,16
delivering,0,3,0,3
delivery,1,0,0,1
delus,0,0,1,1
delusion,0,1,0,1
delusions,1,0,0,1
demand,4,0,0,4
demanded,3,4,3,10
demandest,0,0,1,1
demands,0,0,1,1
demas,0,3,0,3
demebius',0,0,1,1
demetrius,0,3,41,44
demetrius',0,0,3,3
demonstration,0,1,0,1
demophon,0,0,1,1
den,14,3,7,24
denied,3,16,3,22
denieth,0,3,0,3
denounce,1,0,0,1
dens,7,2,1,10
deny,5,17,0,22
denying,0,4,1,5
depart,80,38,28,146
departed,129,84,33,246
departeth,7,1,1,9
departing,6,6,2,14
departure,1,1,1,3
depend,0,0,1,1
dependeth,0,0,1,1
deposed,1,0,1,2
deprive,0,0,1,1
deprived,3,0,5,8
depth,7,5,2,14
depths,16,1,4,21
deputed,1,0,0,1
deputies,2,1,0,3
deputy,1,4,1,6
derbe,0,4,0,4
deride,1,0,0,1
derided,0,2,0,2
derision,15,0,3,18
descend,6,4,0,10
descended,11,7,2,20
descendeth,0,1,0,1
descending,1,7,0,8
descent,0,3,2,5
describe,3,0,0,3
described,2,0,0,2
describeth,0,2,0,2
description,1,0,1,2
descry,1,0,0,1
desert,29,12,1,42
deserts,4,2,2,8
deserve,1,0,0,1
deserved,0,0,4,4
deserveth,1,0,0,1
deserving,1,0,0,1
desirable,3,0,2,5
desire,76,33,36,145
desired,24,26,15,65
desiredst,1,1,0,2
desires,2,1,3,6
desirest,2,0,2,4
desireth,14,3,1,18
desiring,0,12,2,14
desirous,1,5,11,17
desolate,125,7,19,151
desolation,41,5,7,53
desolations,10,0,0,10
despair,2,1,1,4
despaired,0,1,0,1
despaireth,0,0,1,1
despairing,0,0,1,1
desperate,2,0,1,3
desperately,1,0,1,2
despise,24,13,18,55
despised,52,7,14,73
despisers,0,2,0,2
despisest,0,1,0,1
despiseth,13,2,2,17
despising,0,1,2,3
despite,1,1,0,2
despiteful,2,1,1,4
despitefully,0,3,2,5
despitefulness,0,0,1,1
dessau,0,0,1,1
destiny,0,0,1,1
destitute,5,3,3,11
destroy,212,31,59,302
destroyed,146,18,54,218
destroyedst,0,0,2,2
destroyer,6,1,2,9
destroyers,4,0,0,4
destroyest,2,2,0,4
destroyeth,8,0,4,12
destroying,14,0,2,16
destruction,80,12,49,141
destructions,3,0,0,3
detain,2,0,1,3
detained,1,0,1,2
determinate,0,1,0,1
determination,1,0,1,2
determine,1,0,1,2
determined,16,14,13,43
detest,1,0,0,1
detestable,6,0,1,7
deuel,4,0,0,4
device,9,1,3,13
devices,15,1,8,24
devil,0,57,3,60
devilish,0,1,0,1
devils,4,44,2,50
devise,15,0,1,16
devised,11,1,2,14
deviseth,8,0,0,8
devising,0,0,1,1
devote,1,0,0,1
devoted,5,0,1,6
devotions,0,1,0,1
devour,61,8,7,76
devoured,47,5,7,59
devourer,1,0,0,1
devourers,0,0,1,1
devourest,1,0,0,1
devoureth,9,1,4,14
devouring,6,0,0,6
devout,0,9,1,10
dew,35,0,4,39
dews,0,0,1,1
diadem,4,0,1,5
dial,2,0,0,2
diamond,4,0,0,4
diana,0,5,0,5
diblaim,1,0,0,1
diblath,1,0,0,1
dibon,9,0,0,9
dibongad,2,0,0,2
dibri,1,0,0,1
did,743,184,157,1084
diddest,0,1,0,1
didst,96,10,43,149
didymus,0,3,0,3
die,258,41,59,358
died,157,32,31,220
diest,1,0,0,1
diet,1,0,1,2
dieth,21,5,0,26
differ,0,1,0,1
difference,6,5,1,12
differences,0,1,0,1
differeth,0,2,0,2
differing,0,1,1,2
difficulty,0,0,1,1
dig,11,2,0,13
digged,30,5,1,36
diggedst,1,0,0,1
diggeth,3,0,1,4
dignities,0,2,3,5
dignity,4,0,6,10
diklah,2,0,0,2
dilean,1,0,0,1
diligence,1,9,5,15
diligent,11,3,5,19
diligently,26,11,12,49
dim,9,0,0,9
diminish,8,0,3,11
diminished,5,0,3,8
diminisheth,0,0,1,1
diminishing,0,1,0,1
dimmeth,0,0,1,1
dimnah,1,0,0,1
dimness,2,0,0,2
dimon,1,0,0,1
dimonah,1,0,0,1
dinah,7,0,0,7
dinah's,1,0,0,1
dinaites,1,0,0,1
dine,1,2,0,3
dined,0,1,0,1
dinhabah,2,0,0,2
dinner,1,3,5,9
dionysius,0,1,0,1
dioscorinthius,0,0,1,1
diotrephes,0,1,0,1
dip,9,1,0,10
dipped,7,2,0,9
dippeth,0,2,0,2
dipping,0,0,1,1
direct,8,2,4,14
directed,3,0,7,10
directeth,3,0,1,4
direction,1,0,0,1
directly,2,0,0,2
dirt,3,0,0,3
disallow,1,0,0,1
disallowed,3,2,0,5
disannul,2,1,1,4
disannulled,1,0,0,1
disannulleth,0,1,0,1
disannulling,0,1,0,1
disappoint,1,0,0,1
disappointed,1,0,1,2
disappointeth,1,0,0,1
discern,12,3,0,15
discerned,3,1,1,5
discerner,0,1,0,1
discerneth,1,0,0,1
discerning,0,2,0,2
discharge,1,0,1,2
discharged,1,0,1,2
discharging,0,0,1,1
disciple,0,27,0,27
disciples,1,230,0,231
disciples',0,1,0,1
discipline,1,0,10,11
disclose,1,0,0,1
disclosed,0,0,1,1
disclosing,0,0,1,1
discomfited,9,0,15,24
discomfiture,1,0,0,1
discontented,1,0,0,1
discontinue,1,0,0,1
discord,2,0,0,2
discourage,1,0,0,1
discouraged,5,1,3,9
discourse,0,0,5,5
discover,12,0,3,15
discovered,19,2,4,25
discovereth,2,0,1,3
discovering,1,0,0,1
discreet,2,1,1,4
discreetly,0,1,1,2
discretion,9,0,2,11
discus,0,0,1,1
disdain,0,0,1,1
disdained,2,0,0,2
disease,10,4,3,17
diseased,4,4,0,8
diseases,6,7,1,14
disfigure,0,1,0,1
disgrace,1,0,6,7
disgraced,0,0,2,2
disguise,3,0,0,3
disguised,5,0,0,5
disguiseth,1,0,0,1
dish,2,2,1,5
dishan,5,0,0,5
dishes,3,0,0,3
dishon,6,0,0,6
dishonest,2,0,1,3
dishonestly,0,0,1,1
dishonesty,0,1,1,2
dishonour,5,6,10,21
dishonourable,0,0,3,3
dishonourest,0,1,0,1
dishonoureth,1,2,3,6
disinherit,1,0,0,1
dismayed,29,0,0,29
dismaying,1,0,0,1
dismissed,1,2,1,4
disobedience,0,6,0,6
disobedient,2,11,2,15
disobey,0,0,3,3
disobeyed,1,0,3,4
disorder,0,0,2,2
disorderly,0,3,0,3
dispatch,1,0,2,3
dispatched,0,0,2,2
dispensation,0,4,0,4
disperse,8,0,1,9
dispersed,7,3,6,16
dispersing,0,0,1,1
dispersions,1,0,0,1
displace,0,0,1,1
displayed,1,0,0,1
displease,5,0,0,5
displeased,20,4,4,28
displeaseth,0,0,1,1
displeasure,5,0,4,9
disposed,2,2,2,6
disposest,0,0,1,1
disposing,1,0,0,1
disposition,0,1,5,6
dispossess,2,0,0,2
dispossessed,2,0,0,2
disputation,0,1,0,1
disputations,0,1,0,1
dispute,1,0,0,1
disputed,0,5,0,5
disputer,0,1,0,1
disputing,0,5,0,5
disputings,0,2,0,2
disquiet,1,0,0,1
disquieted,6,0,3,9
disquietest,0,0,1,1
disquieteth,0,0,1,1
disquieting,0,0,1,1
disquietness,1,0,0,1
dissemble,0,0,1,1
dissembled,2,1,2,5
dissemblers,1,0,0,1
dissembleth,1,0,0,1
dissension,0,3,1,4
dissimulation,0,2,2,4
dissolutely,0,0,1,1
dissolve,1,0,0,1
dissolved,5,3,1,9
dissolvest,1,0,0,1
dissolving,1,0,0,1
distaff,1,0,0,1
distance,0,0,1,1
distant,1,0,2,3
distil,2,0,0,2
distilling,0,0,1,1
distinction,0,1,0,1
distinctly,1,0,0,1
distinguished,0,0,1,1
distracted,1,0,0,1
distraction,0,1,0,1
distress,28,5,8,41
distressed,10,1,1,12
distresses,6,2,0,8
distribute,3,2,2,7
distributed,3,3,0,6
distributeth,1,0,0,1
distributing,0,1,0,1
distribution,0,2,0,2
distrust,0,0,2,2
distrusted,0,0,1,1
distrusting,0,0,1,1
disturb,0,0,1,1
ditch,4,2,0,6
ditches,1,0,0,1
divers,18,16,8,42
diverse,8,0,1,9
diversities,0,3,1,4
divide,44,2,1,47
divided,50,16,16,82
divider,0,1,0,1
divideth,8,2,0,10
dividing,4,3,1,8
divination,11,1,0,12
divinations,1,0,1,2
divine,8,3,0,11
diviners,7,0,0,7
divineth,1,0,0,1
divining,1,0,0,1
division,2,4,2,8
divisions,13,4,0,17
divorce,1,0,1,2
divorced,3,1,0,4
divorcement,3,3,0,6
dizahab,1,0,0,1
do,888,373,216,1477
doateth,0,0,1,1
doctor,0,1,0,1
doctors,0,2,0,2
doctrine,6,44,7,57
doctrines,0,5,0,5
docus,0,0,1,1
dodai,1,0,0,1
dodanim,2,0,0,2
dodavah,1,0,0,1
dodo,5,0,0,5
doeg,4,0,0,4
doer,4,4,0,8
doers,4,2,3,9
doest,28,14,3,45
doeth,51,40,10,101
dog,14,1,5,20
dog's,2,0,0,2
dogs,15,8,0,23
doing,19,18,7,44
doings,50,0,6,56
doleful,2,0,0,2
dominion,44,11,18,73
dominions,1,1,0,2
done,392,131,136,659
doom,0,0,1,1
door,145,29,16,190
doorkeeper,1,0,0,1
doorkeepers,2,0,0,2
doors,59,9,14,82
dophkah,2,0,0,2
dor,6,0,0,6
dora,0,0,3,3
dorcas,0,2,0,2
dorymenes,0,0,2,2
dositheus,0,0,4,4
dost,40,13,9,62
dote,1,0,0,1
doted,6,0,0,6
doth,140,57,41,238
dothaim,0,0,4,4
dothan,2,0,0,2
doting,0,1,0,1
double,19,4,12,35
doubled,4,0,0,4
doubletongued,0,1,1,2
doubt,3,10,3,16
doubted,0,4,1,5
doubteth,0,1,0,1
doubtful,0,2,1,3
doubting,0,4,0,4
doubtless,4,3,2,9
doubts,2,0,0,2
dough,8,0,0,8
dour,0,0,1,1
dove,14,4,1,19
dove's,1,0,0,1
doves,5,5,0,10
doves',2,0,0,2
down,818,228,161,1207
downsitting,1,0,0,1
downward,5,0,0,5
dowry,4,0,1,5
drachm,0,0,1,1
drachms,0,0,3,3
drag,2,0,0,2
dragging,0,1,0,1
dragon,6,12,5,23
dragon's,0,0,1,1
dragons,16,0,5,21
drams,6,0,0,6
drank,14,5,3,22
draught,1,4,0,5
drave,11,2,0,13
draw,61,14,8,83
drawer,1,0,0,1
drawers,3,0,0,3
draweth,8,4,2,14
drawing,1,1,1,3
drawn,25,2,5,32
dread,9,0,6,15
dreadful,9,0,3,12
dream,54,7,11,72
dreamed,17,0,1,18
dreamer,4,0,0,4
dreamers,1,1,0,2
dreameth,1,0,0,1
dreams,20,1,9,30
dregs,3,0,0,3
dress,9,0,1,10
dressed,6,1,1,8
dresser,0,1,0,1
dressers,1,0,0,1
dresseth,1,0,0,1
drew,56,28,15,99
drewest,1,0,1,2
dried,35,3,5,43
driedst,1,0,0,1
drieth,3,0,2,5
drinck,0,0,1,1
drink,266,61,31,358
drinkers,1,0,0,1
drinketh,9,7,3,19
drinking,15,6,0,21
drinks,0,1,0,1
drive,56,1,9,66
driven,44,5,8,57
driver,2,0,0,2
driveth,3,1,3,7
driving,3,0,0,3
dromedaries,3,0,0,3
dromedary,1,0,0,1
drop,15,0,5,20
dropped,6,0,0,6
droppeth,1,0,0,1
dropping,3,0,0,3
drops,3,1,3,7
dropsy,0,1,0,1
dross,7,0,1,8
drought,10,0,1,11
drove,9,1,1,11
droves,1,0,0,1
drown,1,1,1,3
drowned,3,2,3,8
drowsiness,1,0,0,1
drums,0,0,1,1
drunk,24,6,6,36
drunkard,4,1,0,5
drunkards,5,1,0,6
drunken,24,7,6,37
drunkeness,0,0,1,1
drunkenness,4,3,4,11
drusilla,0,1,0,1
dry,62,4,4,70
dryshod,1,0,0,1
due,17,12,11,40
dues,0,1,0,1
duke,14,0,1,15
dukes,14,0,0,14
dulcimer,3,0,0,3
dull,0,3,0,3
dumah,4,0,0,4
dumb,14,13,3,30
dung,24,2,5,31
dungeon,12,0,0,12
dunghill,6,1,1,8
dunghills,1,0,0,1
dura,1,0,0,1
durable,2,0,0,2
dureth,0,1,0,1
during,0,0,1,1
durst,2,7,6,15
dust,95,7,10,112
duties,1,0,0,1
duty,6,2,0,8
dwarf,1,0,0,1
dwell,283,32,44,359
dwelled,5,0,1,6
dwellers,1,2,1,4
dwellest,17,2,2,21
dwelleth,35,22,10,67
dwelling,46,6,6,58
dwellingplace,2,1,1,4
dwellingplaces,5,0,0,5
dwellings,17,0,3,20
dwelt,200,18,46,264
dyed,7,0,1,8
dying,1,5,0,6
each,42,5,2,49
eagle,21,2,10,33
eagle's,2,0,1,3
eagles,5,2,0,7
eagles',2,0,0,2
eanes,0,0,1,1
ear,99,19,16,134
eared,1,0,0,1
earing,2,0,0,2
early,74,11,8,93
earnest,0,8,1,9
earnestly,8,8,4,20
earneth,1,0,0,1
earring,5,0,0,5
earrings,11,0,1,12
ears,109,30,15,154
earth,736,170,182,1088
earth's,0,0,1,1
earthen,9,1,2,12
earthly,0,5,2,7
earthquake,5,8,1,14
earthquakes,0,3,2,5
earthy,0,3,1,4
ease,19,1,7,27
eased,1,1,1,3
easier,1,7,2,10
easily,0,2,2,4
east,139,9,14,162
easter,0,1,0,1
eastward,40,0,0,40
easy,1,3,7,11
eat,455,128,50,633
eaten,86,12,6,104
eater,3,0,1,4
eaters,1,0,0,1
eatest,3,0,0,3
eateth,30,16,3,49
eating,18,9,2,29
ebal,8,0,0,8
ebed,6,0,0,6
ebedmelech,6,0,0,6
ebenezer,3,0,0,3
eber,13,0,0,13
ebiasaph,3,0,0,3
ebony,1,0,0,1
ebronah,2,0,0,2
ecanus,0,0,1,1
ecbatane,0,0,10,10
echo,0,0,1,1
ed,1,0,0,1
edar,1,0,0,1
eddias,0,0,1,1
eden,19,0,0,19
eder,3,0,0,3
edes,0,0,1,1
edge,48,2,5,55
edged,0,0,1,1
edges,3,1,0,4
edification,0,4,0,4
edified,0,2,0,2
edifieth,0,2,0,2
edify,0,3,0,3
edifying,0,8,0,8
edna,0,0,7,7
edom,81,0,0,81
edomite,6,0,0,6
edomites,13,0,3,16
edrei,8,0,0,8
education,0,0,3,3
effect,6,8,5,19
effected,1,0,0,1
effects,0,0,1,1
effectual,0,6,0,6
effectually,0,2,1,3
effeminate,0,1,0,1
egg,1,1,0,2
eggs,5,0,0,5
eglah,2,0,0,2
eglaim,1,0,0,1
eglon,12,0,0,12
egypt,536,22,46,604
egyptian,19,3,0,22
egyptian's,3,0,0,3
egyptians,85,2,3,90
ehi,1,0,0,1
ehud,9,0,0,9
eight,74,6,24,104
eighteen,19,3,2,24
eighteenth,11,0,3,14
eighth,32,6,4,42
eightieth,1,0,0,1
eighty,3,0,1,4
either,30,11,15,56
eker,1,0,0,1
ekrebel,0,0,1,1
ekron,20,0,0,20
ekronites,2,0,0,2
ela,0,0,1,1
eladah,1,0,0,1
elah,16,0,0,16
elam,27,0,2,29
elamites,1,1,0,2
elasah,2,0,0,2
elath,3,0,0,3
elbethel,1,0,0,1
elbow,0,0,1,1
elcia,0,0,1,1
eldaah,2,0,0,2
eldad,2,0,0,2
elder,11,9,3,23
elders,115,60,34,209
eldest,13,1,1,15
elead,1,0,0,1
elealeh,5,0,0,5
eleasa,0,0,1,1
eleasah,4,0,0,4
eleazar,70,1,13,84
eleazurus,0,0,1,1
elect,4,13,6,23
elect's,0,3,0,3
elected,0,1,0,1
election,0,6,0,6
eleloheisrael,1,0,0,1
elements,0,4,2,6
eleph,1,0,0,1
elephant,0,0,2,2
elephants,0,0,10,10
eleutherus,0,0,2,2
eleven,18,6,2,26
eleventh,16,3,1,20
elhanan,4,0,0,4
eli,30,1,0,31
eli's,1,0,0,1
eliab,20,0,1,21
eliab's,1,0,0,1
eliada,3,0,0,3
eliadah,1,0,0,1
eliadas,0,0,1,1
eliadun,0,0,1,1
eliah,2,0,0,2
eliahba,2,0,0,2
eliakim,12,2,0,14
eliali,0,0,1,1
eliam,2,0,0,2
eliaonias,0,0,1,1
elias,0,30,4,34
eliasaph,6,0,0,6
eliashib,15,0,0,15
eliasib,0,0,1,1
eliasis,0,0,1,1
eliathah,2,0,0,2
elidad,1,0,0,1
eliel,10,0,0,10
elienai,1,0,0,1
eliezer,13,1,0,14
elihoenai,1,0,0,1
elihoreph,1,0,0,1
elihu,11,0,0,11
elijah,63,0,0,63
elika,1,0,0,1
elim,4,0,0,4
elimelech,4,0,0,4
elimelech's,2,0,0,2
elioenai,8,0,0,8
elionas,0,0,2,2
eliphal,1,0,0,1
eliphalet,2,0,2,4
eliphaz,14,0,0,14
elipheleh,2,0,0,2
eliphelet,6,0,0,6
elisabeth,0,7,0,7
elisabeth's,0,1,0,1
eliseus,0,1,1,2
elisha,52,0,0,52
elishah,3,0,0,3
elishama,17,0,0,17
elishaphat,1,0,0,1
elisheba,1,0,0,1
elishua,2,0,0,2
elisimus,0,0,1,1
eliu,0,0,1,1
eliud,0,2,0,2
elizaphan,4,0,0,4
elizur,5,0,0,5
elkanah,20,0,0,20
elkoshite,1,0,0,1
ellasar,2,0,0,2
elmodam,0,1,0,1
elms,1,0,0,1
elnaam,1,0,0,1
elnathan,5,0,0,5
eloi,0,1,0,1
elon,7,0,0,7
elonbethhanan,1,0,0,1
elonites,1,0,0,1
eloquent,2,1,4,7
eloth,3,0,0,3
elpaal,3,0,0,3
elpalet,1,0,0,1
elparan,1,0,0,1
else,29,19,15,63
eltekeh,2,0,0,2
eltekon,1,0,0,1
eltolad,2,0,0,2
elul,1,0,1,2
eluzai,1,0,0,1
elymais,0,0,2,2
elymas,0,1,0,1
elymeans,0,0,1,1
elzabad,2,0,0,2
elzaphan,2,0,0,2
embalm,1,0,0,1
embalmed,3,0,0,3
emboldened,0,1,0,1
emboldeneth,1,0,0,1
embrace,8,0,2,10
embraced,3,2,1,6
embraceth,0,0,1,1
embracing,1,1,0,2
embroider,1,0,0,1
embroiderer,2,0,1,3
emerald,3,2,1,6
emeralds,1,0,2,3
emerods,8,0,0,8
emims,2,0,0,2
eminent,4,0,1,5
emins,1,0,0,1
emmanuel,0,1,0,1
emmaus,0,1,4,5
emmer,0,0,1,1
emmor,0,1,0,1
emmulation,0,0,1,1
empire,1,0,0,1
employ,1,0,0,1
employed,2,0,1,3
employing,0,0,1,1
employment,1,0,0,1
emptied,8,0,1,9
emptiers,1,0,0,1
emptiness,1,0,0,1
empty,33,5,3,41
emulation,0,1,0,1
emulations,0,1,0,1
en,0,0,1,1
en-gaddi,0,0,1,1
enabled,0,1,0,1
enam,1,0,0,1
enan,5,0,0,5
enasibus,0,0,1,1
encamp,10,0,1,11
encamped,32,0,4,36
encampeth,2,0,0,2
encamping,1,0,0,1
enchanter,1,0,0,1
enchanters,1,0,0,1
enchantment,3,0,0,3
enchantments,10,0,1,11
encountered,0,1,1,2
encountering,0,0,1,1
encourage,4,0,1,5
encouraged,5,0,3,8
encouragement,0,0,1,1
end,235,56,96,387
endamage,1,0,1,2
endanger,1,0,0,1
endangered,1,0,0,1
endeavour,0,1,2,3
endeavoured,0,2,1,3
endeavoureth,0,0,1,1
endeavouring,0,1,0,1
endeavours,1,0,0,1
ended,14,7,8,29
endeth,1,0,0,1
ending,0,1,1,2
endings,0,0,1,1
endless,0,2,0,2
endor,3,0,0,3
endow,1,0,0,1
ends,48,3,3,54
endued,3,2,1,6
endure,16,12,13,41
endured,1,7,7,15
endurest,0,0,1,1
endureth,54,5,9,68
enduring,1,2,0,3
eneglaim,1,0,0,1
enemessar,0,0,4,4
enemies,241,19,97,357
enemies',3,0,3,6
enemy,95,11,27,133
enemy's,3,0,0,3
enenius,0,0,1,1
enflaming,1,0,0,1
enforceth,0,0,1,1
engaged,1,0,0,1
engannim,3,0,0,3
engedi,6,0,0,6
engine,0,0,2,2
engines,2,0,11,13
engrafted,0,1,0,1
engrave,2,0,0,2
engraved,0,0,2,2
engraven,0,1,0,1
engraver,3,0,0,3
engravings,5,0,0,5
enhaddah,1,0,0,1
enhakkore,1,0,0,1
enhazor,1,0,0,1
enjoin,0,1,0,1
enjoined,2,1,0,3
enjoy,10,3,1,14
enjoyed,1,0,1,2
enlarge,9,1,0,10
enlarged,8,3,1,12
enlargement,1,0,0,1
enlargeth,3,0,1,4
enlarging,1,0,0,1
enlighten,1,0,0,1
enlightened,4,2,0,6
enlightening,1,0,0,1
enmishpat,1,0,0,1
enmity,3,5,4,12
enoch,8,3,4,15
enos,6,1,0,7
enosh,1,0,0,1
enough,26,6,10,42
enquire,42,8,3,53
enquired,28,5,1,34
enquirest,1,0,0,1
enquiry,1,1,1,3
enrich,2,0,0,2
enriched,0,2,2,4
enrichest,1,0,0,1
enrimmon,1,0,0,1
enrogel,4,0,0,4
enrolled,0,0,2,2
ensample,0,3,0,3
ensamples,0,3,0,3
enshemesh,2,0,0,2
ensign,8,0,0,8
ensigns,1,0,0,1
ensnared,1,0,0,1
ensue,0,1,0,1
ensued,0,0,1,1
entangle,0,1,0,1
entangled,1,2,0,3
entangleth,0,1,0,1
entappuah,1,0,0,1
enter,81,63,7,151
entered,38,69,26,133
entereth,10,9,1,20
entering,35,11,1,47
enterprise,1,0,0,1
enterprize,0,0,2,2
enterprizes,0,0,3,3
entertain,0,1,3,4
entertained,0,1,2,3
entice,8,0,0,8
enticed,2,1,0,3
enticeth,1,0,1,2
enticing,0,2,0,2
entire,0,1,0,1
entrance,9,2,6,17
entrances,1,0,2,3
entrap,0,0,1,1
entreat,1,1,5,7
entreated,3,6,7,16
entreateth,1,0,0,1
entries,1,0,0,1
entry,15,0,0,15
envied,6,0,0,6
envies,0,1,0,1
enviest,1,0,0,1
envieth,0,1,3,4
envious,4,0,7,11
environ,1,0,0,1
envy,9,10,8,27
envying,0,5,0,5
envyings,0,2,0,2
enwrapped,0,0,1,1
epaenetus,0,1,0,1
epaphras,0,3,0,3
epaphroditus,0,2,0,2
ephah,30,0,0,30
ephai,1,0,0,1
epher,4,0,0,4
ephesdammim,1,0,0,1
ephesian,0,1,0,1
ephesians,0,3,0,3
ephesus,0,17,0,17
ephlal,1,0,0,1
ephod,42,0,1,43
ephphatha,0,1,0,1
ephraim,159,1,3,163
ephraim's,4,0,0,4
ephraimite,1,0,0,1
ephraimites,4,0,0,4
ephratah,5,0,0,5
ephrath,4,0,0,4
ephrathite,3,0,0,3
ephrathites,1,0,0,1
ephron,11,0,2,13
epicureans,0,1,0,1
epiphanes,0,0,6,6
epistle,0,13,3,16
epistles,0,2,1,3
equal,12,6,5,23
equality,0,1,0,1
equally,1,0,0,1
equals,0,1,1,2
equity,10,0,3,13
er,7,1,0,8
eran,1,0,0,1
eranites,1,0,0,1
erastus,0,3,0,3
ere,9,1,4,14
erech,1,0,0,1
erect,0,0,1,1
erected,1,0,1,2
eri,2,0,0,2
erites,1,0,0,1
err,18,6,4,28
errand,3,0,0,3
erred,8,3,4,15
erreth,2,0,0,2
erring,0,0,1,1
error,6,7,6,19
errors,3,1,1,5
esaias,0,21,0,21
esarhaddon,3,0,0,3
esau,75,3,9,87
esau's,9,0,0,9
esay,0,0,2,2
escape,47,8,21,76
escaped,46,10,7,63
escapeth,5,0,2,7
escaping,1,0,0,1
eschew,0,1,0,1
eschewed,1,0,0,1
escheweth,2,0,0,2
esdraelon,0,0,3,3
esdras,0,0,31,31
esdrelom,0,0,1,1
esebon,0,0,1,1
esebrias,0,0,1,1
esek,1,0,0,1
eshbaal,2,0,0,2
eshban,2,0,0,2
eshcol,6,0,0,6
eshean,1,0,0,1
eshek,1,0,0,1
eshkalonites,1,0,0,1
eshtaol,7,0,0,7
eshtaulites,1,0,0,1
eshtemoa,5,0,0,5
eshtemoh,1,0,0,1
eshton,2,0,0,2
esli,0,1,0,1
esora,0,0,1,1
especial,0,0,1,1
especially,1,4,1,6
espied,2,0,1,3
espousals,2,0,0,2
espoused,1,4,0,5
espy,2,0,1,3
esril,0,0,1,1
esrom,0,2,0,2
establish,39,4,2,45
established,65,7,11,83
establisheth,3,0,2,5
establishment,1,0,0,1
estate,10,5,14,29
estates,1,1,0,2
esteem,3,2,0,5
esteemed,9,2,4,15
esteemedst,0,0,1,1
esteemeth,1,2,0,3
esteeming,0,1,0,1
esther,43,0,4,47
esther's,3,0,0,3
estimate,1,0,0,1
estimation,19,0,1,20
estimations,1,0,0,1
estranged,5,0,1,6
etam,5,0,0,5
eternal,2,45,3,50
eternity,1,0,3,4
etham,4,0,0,4
ethan,7,0,0,7
ethanim,1,0,0,1
ethbaal,1,0,0,1
ether,2,0,0,2
ethiopia,19,1,4,24
ethiopian,7,0,0,7
ethiopians,11,1,0,12
ethma,0,0,1,1
ethnan,1,0,0,1
ethni,1,0,0,1
eubulus,0,1,0,1
eumenes,0,0,1,1
eunatan,0,0,1,1
eunice,0,1,0,1
eunuch,2,5,4,11
eunuchs,15,1,3,19
euodias,0,1,0,1
eupator,0,0,5,5
euphrates,19,2,8,29
eupolemus,0,0,2,2
euroclydon,0,1,0,1
eutychus,0,1,0,1
evangelist,0,2,0,2
evangelists,0,1,0,1
eve,2,2,1,5
even,1072,273,142,1487
evening,52,7,8,67
evenings,1,0,0,1
eveningtide,2,0,0,2
event,3,0,1,4
eventide,3,2,0,5
events,0,0,1,1
ever,351,66,131,548
everlasting,65,26,40,131
everlastingness,0,0,1,1
evermore,21,5,13,39
every,800,258,196,1254
everything,2,0,0,2
eves,0,0,1,1
evi,2,0,0,2
evidence,5,1,0,6
evidences,2,0,0,2
evident,1,4,3,8
evidently,0,2,0,2
evil,450,119,88,657
evildoer,1,1,0,2
evildoers,9,3,2,14
evilfavouredness,1,0,0,1
evilmerodach,2,0,0,2
evilnurtured,0,0,1,1
evils,7,1,17,25
ewe,7,0,0,7
ewes,3,0,0,3
exact,7,1,2,10
exacted,2,0,1,3
exacteth,1,0,0,1
exaction,1,0,0,1
exactions,1,0,0,1
exactly,0,0,2,2
exactness,0,0,1,1
exactors,1,0,0,1
exalt,23,3,41,67
exaltation,0,0,4,4
exalted,49,13,16,78
exaltest,1,0,0,1
exalteth,5,4,4,13
exalting,0,0,1,1
examination,0,1,2,3
examine,2,3,4,9
examined,0,6,2,8
examining,0,1,0,1
example,0,8,6,14
examples,0,1,0,1
exceed,1,2,2,5
exceeded,3,0,1,4
exceedest,1,0,0,1
exceedeth,1,0,0,1
exceeding,33,25,9,67
exceedingly,29,11,6,46
excel,4,1,3,8
excelled,1,0,1,2
excellency,20,3,3,26
excellent,25,9,6,40
excellest,1,0,0,1
excelleth,1,1,1,3
except,26,46,10,82
excepted,0,1,0,1
exception,0,0,1,1
excess,0,4,2,6
excessive,0,0,2,2
exchange,4,2,2,8
exchangers,0,1,0,1
exclude,0,1,0,1
excluded,0,1,0,1
excuse,0,3,1,4
excused,0,2,0,2
excusing,0,1,0,1
execration,2,0,0,2
execute,29,3,6,38
executed,19,1,2,22
executedst,1,0,0,1
executest,1,0,0,1
executeth,6,0,1,7
executing,3,0,2,5
execution,1,0,2,3
executioner,0,1,0,1
exempted,1,0,0,1
exercise,2,6,7,15
exercised,3,3,3,9
exerciseth,0,1,0,1
exercising,0,0,1,1
exhort,0,16,1,17
exhortation,0,10,1,11
exhorted,0,3,11,14
exhorteth,0,1,0,1
exhorting,0,4,1,5
exile,2,0,0,2
exiled,0,0,1,1
exorcists,0,1,0,1
expect,0,0,2,2
expectation,10,4,2,16
expected,1,0,0,1
expecting,0,2,1,3
expedient,0,7,0,7
expel,2,0,0,2
expelled,3,1,0,4
expence,0,0,1,1
expences,0,0,5,5
expenses,2,0,0,2
experience,2,1,8,11
experiment,0,1,0,1
expert,5,1,2,8
expired,7,2,4,13
exploits,2,0,0,2
expound,1,0,2,3
expounded,1,5,1,7
express,0,1,3,4
expressed,6,0,1,7
expressly,2,1,1,4
exquisite,0,0,2,2
extend,2,0,0,2
extended,2,0,0,2
extendeth,1,0,0,1
extinct,2,0,0,2
extinguished,0,0,1,1
extol,4,0,5,9
extolled,2,0,1,3
extolleth,0,0,1,1
extortion,1,1,0,2
extortioner,2,1,0,3
extortioners,0,3,0,3
extreme,1,0,4,5
extremity,1,0,1,2
eye,70,23,21,114
eye's,1,0,0,1
eyebrows,1,0,0,1
eyed,2,0,0,2
eyelids,9,0,1,10
eyes,408,71,59,538
eyesalve,0,1,0,1
eyeservice,0,2,0,2
eyesight,1,0,0,1
eyewitnesses,0,2,0,2
ezar,1,0,0,1
ezbai,1,0,0,1
ezbon,2,0,0,2
ezechias,0,0,2,2
ezecias,0,0,1,1
ezekias,0,2,4,6
ezekiel,2,0,1,3
ezel,1,0,0,1
ezem,1,0,0,1
ezer,9,0,0,9
ezerias,0,0,1,1
ezias,0,0,1,1
eziongaber,4,0,0,4
eziongeber,3,0,0,3
eznite,1,0,0,1
ezra,26,0,0,26
ezrahite,1,0,0,1
ezri,1,0,0,1
fables,0,5,1,6
face,328,52,53,433
faces,63,5,10,78
fact,0,0,1,1
faction,0,0,1,1
fade,5,1,0,6
fadeth,4,2,1,7
fading,2,0,0,2
fail,57,7,12,76
failed,11,0,10,21
faileth,17,2,6,25
failing,1,1,2,4
fain,1,1,2,4
faint,32,9,5,46
fainted,10,2,6,18
faintest,1,0,0,1
fainteth,4,0,0,4
fainthearted,3,0,3,6
faintness,1,0,1,2
fair,45,5,16,66
fairer,3,0,0,3
fairest,3,0,0,3
fairs,6,0,0,6
fairspeaking,0,0,1,1
faith,2,229,11,242
faithful,28,50,27,105
faithfuless,0,0,1,1
faithfully,7,1,1,9
faithfulness,19,0,2,21
faithless,0,4,0,4
fall,200,37,66,303
fallen,61,15,13,89
fallest,1,0,0,1
falleth,22,6,4,32
falling,8,7,5,20
fallow,3,0,0,3
fallowdeer,1,0,0,1
falls,0,0,1,1
false,32,28,14,74
falsehood,14,0,2,16
falsely,17,4,2,23
falsifying,1,0,0,1
fame,16,8,2,26
familiar,17,0,0,17
familiars,1,0,0,1
families,164,0,13,177
family,75,1,6,82
famine,80,4,17,101
famines,0,3,0,3
famish,2,0,0,2
famished,2,0,0,2
famous,10,0,2,12
fan,5,2,0,7
fancieth,0,0,1,1
fanners,1,0,0,1
far,138,31,38,207
fare,2,1,8,11
fared,0,1,0,1
farewell,0,4,1,5
farm,0,1,0,1
farther,1,3,0,4
farthing,0,3,0,3
farthings,0,1,0,1
fashion,7,6,6,19
fashioned,6,1,7,14
fashioneth,3,0,2,5
fashioning,0,1,0,1
fashions,1,0,4,5
fast,43,31,21,95
fasted,12,3,6,21
fasten,5,0,1,6
fastened,15,3,0,18
fastening,0,1,0,1
fastest,0,1,0,1
fasteth,0,0,1,1
fasting,9,8,3,20
fastings,1,3,0,4
fasts,0,0,1,1
fat,105,0,8,113
fatfleshed,2,0,0,2
father,541,311,92,944
father's,120,18,17,155
fatherless,42,1,6,49
fathers,448,57,79,584
fathers',10,0,4,14
fathoms,0,1,0,1
fatling,1,0,0,1
fatlings,4,1,0,5
fatness,16,1,0,17
fats,1,0,0,1
fatted,2,3,0,5
fatten,0,0,1,1
fatter,1,0,0,1
fattest,2,0,0,2
fauchion,0,0,2,2
fault,6,12,4,22
faultless,0,2,1,3
faults,2,2,0,4
faulty,2,0,0,2
favour,64,6,29,99
favourable,4,0,1,5
favourably,0,0,2,2
favoured,12,1,1,14
favourest,1,0,0,1
favoureth,1,0,0,1
fear,307,78,143,528
feared,53,19,8,80
fearest,3,0,0,3
feareth,16,4,16,36
fearful,5,6,9,20
fearfully,1,0,0,1
fearfulness,3,0,3,6
fearing,1,7,3,11
fears,3,1,0,4
feast,73,36,27,136
feastdays,0,0,1,1
feasted,1,0,1,2
feasting,7,0,2,9
feastings,0,0,1,1
feasts,27,4,14,45
feather,0,0,1,1
feathered,2,0,1,3
feathers,7,0,12,19
feats,0,0,1,1
fed,25,5,1,31
feddest,0,0,1,1
feeble,18,2,5,25
feebleminded,0,1,0,1
feebleness,1,0,0,1
feebler,1,0,0,1
feed,67,10,3,80
feedest,2,0,0,2
feedeth,5,3,0,8
feeding,3,5,0,8
feedingplace,1,0,0,1
feel,6,1,5,12
feeleth,0,0,1,1
feeling,0,2,1,3
feet,167,72,22,261
feign,2,1,0,3
feigned,2,1,0,3
feignedly,1,0,1,2
feignest,2,0,0,2
felix,0,8,0,8
felix',0,1,0,1
fell,151,83,52,286
felled,1,0,0,1
feller,1,0,0,1
fellest,1,0,0,1
felleth,0,0,1,1
felling,1,0,0,1
felloes,1,0,0,1
fellow,17,9,3,29
fellow's,1,0,0,1
fellow-prisoners,0,1,0,1
fellowcitizens,0,1,0,1
fellowdisciples,0,1,0,1
fellowheirs,0,1,0,1
fellowhelper,0,1,0,1
fellowhelpers,0,1,0,1
fellowlabourer,0,2,0,2
fellowlabourers,0,2,0,2
fellowprisoner,0,2,0,2
fellows,10,3,4,17
fellowservant,0,6,0,6
fellowservants,0,4,0,4
fellowship,2,14,4,20
fellowsoldier,0,2,0,2
fellowworkers,0,1,0,1
felt,3,2,0,5
female,20,3,0,23
fence,1,0,0,1
fenced,38,0,2,40
fens,1,0,0,1
ferret,1,0,0,1
ferry,1,0,0,1
fervency,0,0,1,1
fervent,0,7,3,10
fervently,0,2,0,2
festival,0,0,1,1
festus,0,12,0,12
festus',0,1,0,1
fetch,30,1,2,33
fetched,17,1,0,18
fetcheth,1,0,2,3
fetcht,1,0,0,1
fettered,0,0,1,1
fetters,8,2,4,14
fever,1,8,0,9
few,40,22,26,88
fewer,1,0,4,5
fewest,1,0,0,1
fewness,1,0,0,1
fidelity,0,1,1,2
field,244,22,26,292
fields,53,5,7,65
fierce,37,4,5,46
fiercely,0,0,3,3
fierceness,10,2,2,14
fiercer,1,0,0,1
fiery,17,3,4,24
fifteen,20,4,2,26
fifteenth,17,1,4,22
fifth,55,4,7,66
fifties,5,2,1,8
fiftieth,4,0,3,7
fifty,132,6,20,158
fig,24,15,1,40
fight,93,10,57,160
fighteth,3,0,3,6
fighting,3,0,5,8
fightings,0,2,0,2
figs,17,5,1,23
figure,2,5,1,8
figures,1,2,0,3
file,1,0,0,1
fill,40,9,11,60
filled,98,59,37,194
filledst,2,0,1,3
fillest,1,0,0,1
fillet,1,0,0,1
filleted,3,0,0,3
filleth,5,1,4,10
fillets,8,0,0,8
filling,0,1,0,1
filth,2,2,2,6
filthiness,11,4,2,17
filthy,7,9,2,18
finally,0,6,1,7
find,102,47,50,199
findest,2,0,2,4
findeth,13,12,4,29
finding,3,7,2,12
fine,99,9,7,115
finely,0,0,1,1
finer,1,0,0,1
finest,2,0,0,2
finger,19,5,0,24
fingers,12,3,1,16
fining,2,0,0,2
finish,3,8,6,17
finished,30,12,11,53
finisher,0,1,0,1
finishing,0,0,4,4
fins,5,0,0,5
fir,21,0,0,21
fire,427,79,111,617
firebrand,2,0,0,2
firebrands,3,0,0,3
firepans,4,0,0,4
fires,1,0,3,4
firkins,0,1,0,1
firm,6,1,1,8
firmament,15,0,7,22
firmly,0,0,2,2
first,250,155,78,483
firstbegotten,0,1,0,1
firstborn,90,7,5,102
firstfruit,1,1,0,2
firstfruits,23,7,6,36
firstling,9,0,0,9
firstlings,6,0,0,6
firstripe,4,0,0,4
fish,24,7,9,40
fish's,1,0,0,1
fisher's,0,1,0,1
fishermen,0,1,0,1
fishers,3,4,0,7
fishes,8,18,3,29
fishhooks,1,0,0,1
fishing,0,1,0,1
fishpools,1,0,0,1
fist,2,0,0,2
fists,1,0,0,1
fit,5,4,7,16
fitches,3,0,0,3
fitly,2,2,0,4
fitted,2,1,0,3
fitteth,1,0,0,1
fitting,0,0,1,1
five,232,38,49,319
fix,0,0,1,1
fixed,3,1,0,4
flag,1,0,0,1
flagon,2,0,0,2
flagons,3,0,0,3
flags,3,0,0,3
flakes,1,0,0,1
flame,25,6,12,43
flames,4,0,2,6
flaming,8,1,3,12
flanks,6,0,0,6
flash,1,0,0,1
flat,4,0,4,8
flatter,2,0,2,4
flattereth,6,0,0,6
flatteries,3,0,0,3
flattering,7,1,0,8
flattery,2,0,0,2
flax,9,1,0,10
flay,3,0,0,3
flayed,1,0,0,1
flea,2,0,0,2
fled,122,15,60,197
fleddest,2,0,0,2
flee,86,15,16,117
fleece,6,0,0,6
fleeing,3,0,2,5
fleeth,7,2,1,10
flesh,241,128,36,405
fleshhook,2,0,0,2
fleshhooks,5,0,0,5
fleshly,0,3,1,4
fleshy,0,1,1,2
flew,2,0,2,4
flies,8,0,2,10
flieth,4,0,0,4
flight,5,3,16,24
flint,5,0,1,6
flinty,1,0,1,2
floats,2,0,1,3
flock,91,8,5,104
flocking,0,0,2,2
flocks,77,0,3,80
flood,32,7,13,52
floods,15,2,6,23
floor,15,2,3,20
floors,2,0,1,3
flour,56,1,5,62
flourish,13,0,7,20
flourished,1,1,0,2
flourisheth,2,0,0,2
flourishing,2,0,0,2
flow,11,1,1,13
flowed,3,0,1,4
flower,13,4,6,23
flowers,17,0,9,26
floweth,12,0,2,14
flowing,12,0,2,14
flown,0,0,1,1
flute,4,0,0,4
flutes,0,0,1,1
fluttereth,1,0,0,1
flux,0,1,0,1
fly,20,3,3,26
flying,9,2,2,13
foal,2,1,0,3
foals,1,0,0,1
foam,1,0,0,1
foameth,0,2,0,2
foaming,0,2,0,2
fodder,1,0,2,3
foe,0,0,1,1
foes,5,2,0,7
fold,5,2,0,7
folded,0,0,1,1
folden,1,0,0,1
foldeth,1,0,0,1
folding,3,0,0,3
folds,5,0,0,5
folk,3,2,0,5
folks,0,1,1,2
follies,0,0,2,2
follow,34,50,16,100
followed,43,63,16,122
followedst,1,0,0,1
followers,0,8,0,8
followest,0,0,1,1
followeth,10,4,7,21
following,32,11,7,50
folly,35,2,5,42
food,44,4,5,53
fool,54,8,24,86
fool's,7,0,2,9
fooleries,0,0,1,1
foolish,35,17,17,69
foolishly,10,2,0,12
foolishness,13,7,6,26
fools,34,8,8,50
foot,77,14,22,113
footmen,12,0,24,36
footsteps,4,0,3,7
footstool,7,9,0,16
for,5198,1900,1586,8684
forasmuch,29,14,8,51
forbad,1,4,0,5
forbare,3,0,0,3
forbear,18,4,3,25
forbearance,0,2,0,2
forbeareth,2,0,1,3
forbearing,2,3,0,5
forbid,13,24,3,40
forbidden,2,1,2,5
forbiddeth,0,1,1,2
forbidding,0,4,0,4
forborn,1,0,0,1
force,15,4,16,35
forced,7,0,3,10
forces,16,0,22,38
forcible,1,0,0,1
forcibly,0,0,2,2
forcing,2,0,0,2
ford,1,0,0,1
fords,3,0,0,3
forecast,2,0,0,2
forecasteth,0,0,1,1
forefathers,1,1,7,9
forefeet,0,0,1,1
forefront,9,0,1,10
forego,0,0,1,1
forehead,11,2,0,13
foreheads,2,6,0,8
foreign,0,0,2,2
foreigner,2,0,0,2
foreigners,1,1,0,2
foreknew,0,1,0,1
foreknow,0,1,0,1
foreknowledge,0,2,2,4
foremost,3,0,0,3
foreordained,0,1,0,1
forepart,4,1,0,5
forerunner,0,1,0,1
forerunners,0,0,1,1
foresaid,0,0,3,3
foresaken,0,0,1,1
foresaw,0,1,0,1
foreseeing,0,1,0,1
foreseeth,2,0,1,3
foreshew,0,0,1,1
foreship,0,1,0,1
foreskin,9,0,1,10
foreskins,5,0,0,5
forest,38,0,2,40
forests,3,0,0,3
foretell,0,1,0,1
foretold,0,2,0,2
forever,0,0,1,1
foreward,0,0,1,1
forewarn,0,1,0,1
forewarned,0,1,0,1
forfeited,1,0,0,1
forgat,8,0,1,9
forgave,1,6,0,7
forgavest,2,0,0,2
forge,0,0,1,1
forged,1,0,0,1
forgers,1,0,0,1
forget,49,2,11,62
forgetful,0,2,1,3
forgetfulness,1,0,4,5
forgettest,2,0,0,2
forgetteth,3,1,0,4
forgetting,0,1,1,2
forgive,27,21,5,53
forgiven,18,20,2,40
forgiveness,1,6,2,9
forgivenesses,1,0,0,1
forgiveth,1,1,1,3
forgiving,2,2,0,4
forgot,1,0,0,1
forgotten,41,5,10,56
forks,1,0,0,1
forlorn,0,0,2,2
form,16,7,3,26
formed,28,3,6,37
former,42,5,12,59
formerly,0,0,1,1
formeth,2,0,0,2
forms,1,0,0,1
fornication,4,28,1,33
fornications,1,2,0,3
fornicator,0,2,1,3
fornicators,0,3,0,3
forsake,55,2,20,77
forsaken,67,7,20,94
forsaker,0,0,1,1
forsakers,0,0,1,1
forsakest,0,0,1,1
forsaketh,5,1,1,7
forsaking,1,1,0,2
forsomuch,0,1,3,4
forsook,18,6,8,32
forsookest,2,0,0,2
forswear,0,1,1,2
forswore,0,0,1,1
fort,6,0,1,7
forth,657,175,157,989
forthwith,1,9,11,21
fortieth,4,0,2,6
fortification,0,0,1,1
fortified,4,0,14,18
fortify,6,0,1,7
fortifying,0,0,1,1
fortitude,0,0,1,1
fortress,15,0,11,26
fortresses,2,0,4,6
forts,6,0,1,7
fortunatus,0,1,0,1
fortune,0,0,1,1
forty,122,23,29,174
forty's,1,0,0,1
forum,0,1,0,1
forward,40,6,9,55
forwardness,0,2,1,3
fought,58,3,25,86
foul,2,3,5,10
fouled,1,0,0,1
fouledst,1,0,0,1
found,276,113,93,482
foundation,30,23,11,64
foundations,28,4,10,42
founded,8,2,1,11
founder,5,0,0,5
foundest,1,0,0,1
founding,0,0,1,1
fountain,27,4,10,41
fountains,11,4,5,20
four,235,47,34,316
fourfold,1,1,0,2
fourfooted,0,3,1,4
fourscore,33,2,10,45
foursquare,9,1,0,10
fourteen,20,3,3,26
fourteenth,23,2,5,30
fourth,70,8,7,85
fowl,31,0,0,31
fowler,3,0,0,3
fowlers,1,0,0,1
fowls,43,11,12,66
fox,1,1,0,2
foxes,5,2,0,7
fragments,0,7,0,7
frail,1,0,0,1
frame,5,0,0,5
framed,1,2,1,4
frameth,2,0,0,2
frankincense,15,2,3,20
frankly,0,1,0,1
frantick,0,0,1,1
fraud,1,1,0,2
fray,3,0,1,4
frayeth,0,0,1,1
freckled,1,0,0,1
free,27,31,16,74
freed,1,1,2,4
freedom,1,1,3,5
freely,7,9,2,18
freeman,0,1,1,2
freewill,17,0,0,17
freewoman,0,3,0,3
frequent,0,1,0,1
fresh,3,1,0,4
fresher,1,0,0,1
fret,7,0,0,7
fretted,1,0,0,1
fretteth,1,0,0,1
fretting,3,0,0,3
fried,2,0,1,3
friend,34,15,44,93
friendly,3,0,4,7
friends,30,18,55,103
friends',0,0,1,1
friendship,1,1,14,16
fringe,2,0,0,2
fringes,2,0,0,2
fro,22,1,2,25
frock,0,0,1,1
frogs,13,1,1,15
from,2454,656,569,3679
front,2,0,0,2
frontiers,1,0,1,2
frontlets,3,0,0,3
frost,6,0,3,9
froth,0,0,1,1
froward,19,1,2,22
frowardly,1,0,0,1
frowardness,3,0,0,3
frozen,1,0,0,1
fruit,126,58,32,216
fruitful,30,2,6,38
fruitless,0,0,1,1
fruits,27,15,13,55
frustrate,1,1,3,5
frustrateth,1,0,0,1
fryingpan,2,0,0,2
fuel,5,0,0,5
fugatives',0,0,1,1
fugitive,2,0,1,3
fugitives,4,0,1,5
fulfil,10,13,4,27
fulfill,0,0,2,2
fulfilled,24,57,9,90
fulfilling,1,2,1,4
full,182,67,44,293
fuller,0,1,0,1
fuller's,3,0,0,3
fullers',1,0,0,1
fullness,0,0,1,1
fully,6,7,6,19
fulness,12,13,1,26
fume,0,0,1,1
funerals,0,0,1,1
furbish,1,0,0,1
furbished,4,0,0,4
furies,0,0,1,1
furious,6,0,4,10
furiously,2,0,0,2
furlongs,0,5,6,11
furnace,26,4,13,43
furnaces,2,0,0,2
furnish,4,0,1,5
furnished,2,4,2,8
furniture,7,0,0,7
furrow,1,0,0,1
furrows,8,0,2,10
further,8,13,7,28
furtherance,0,2,0,2
furthered,1,0,0,1
furthermore,11,3,10,24
fury,66,0,8,74
gaal,9,0,0,9
gaash,4,0,0,4
gaba,3,0,0,3
gabael,0,0,8,8
gabatha,0,0,1,1
gabbai,1,0,0,1
gabbatha,0,1,0,1
gabdes,0,0,1,1
gabrias,0,0,2,2
gabriel,2,2,0,4
gad,68,1,1,70
gadarenes,0,3,0,3
gadder,0,0,1,1
gaddest,1,0,0,1
gaddi,1,0,0,1
gaddiel,1,0,0,1
gadi,2,0,0,2
gadite,1,0,0,1
gadites,14,0,0,14
gael,0,0,1,1
gaham,1,0,0,1
gahar,2,0,0,2
gain,13,16,5,34
gained,2,8,0,10
gaining,0,0,1,1
gains,0,1,0,1
gainsay,0,1,5,6
gainsayers,0,1,0,1
gainsaying,0,3,0,3
gait,0,0,1,1
gaius,0,5,0,5
gal,0,0,1,1
galaad,0,0,11,11
galal,3,0,0,3
galatia,0,6,0,6
galatians,0,1,2,3
galbanum,1,0,1,2
galeed,2,0,0,2
galgala,0,0,1,1
galilaean,0,3,0,3
galilaeans,0,4,0,4
galilee,6,65,14,85
gall,12,2,5,19
gallant,1,0,0,1
galleries,4,0,0,4
gallery,1,0,2,3
galley,1,0,0,1
gallies,0,0,1,1
gallim,2,0,0,2
gallio,0,3,0,3
gallows,7,0,0,7
gamael,0,0,1,1
gamaliel,5,2,0,7
game,0,0,2,2
gammadims,1,0,0,1
gamul,1,0,0,1
gap,1,0,0,1
gape,0,0,1,1
gaped,2,0,1,3
gaps,1,0,0,1
gar,0,0,1,1
garden,43,4,15,62
gardener,0,1,0,1
gardens,12,0,0,12
gareb,3,0,0,3
garizim,0,0,2,2
garland,0,0,1,1
garlands,0,1,2,3
garlick,1,0,0,1
garment,63,19,9,91
garments,73,15,15,103
garmite,1,0,0,1
garner,0,2,0,2
garners,2,0,1,3
garnish,0,1,1,2
garnished,2,3,2,7
garrison,12,1,10,23
garrisons,6,0,3,9
gashmu,1,0,0,1
gasp,0,0,1,1
gat,20,0,11,31
gatam,3,0,0,3
gate,207,13,10,230
gates,123,9,20,152
gath,30,0,0,30
gather,137,21,17,175
gathered,213,42,72,327
gatherer,1,0,1,2
gatherest,1,0,0,1
gathereth,12,4,4,20
gathering,8,3,6,17
gatherings,0,1,0,1
gathhepher,1,0,0,1
gathrimmon,4,0,0,4
gave,310,126,118,554
gavest,21,10,17,48
gawra,0,0,1,1
gay,0,1,1,2
gaza,17,1,3,21
gazathites,1,0,0,1
gaze,1,0,2,3
gazed,0,0,1,1
gazer,2,0,0,2
gazera,0,0,12,12
gazez,1,0,0,1
gazing,0,1,0,1
gazingstock,1,1,0,2
gazites,1,0,0,1
gazzam,2,0,0,2
geba,12,0,1,13
gebal,2,0,0,2
geber,2,0,0,2
gebim,1,0,0,1
gedaliah,31,0,0,31
geddur,0,0,1,1
gedeon,0,1,1,2
geder,1,0,0,1
gederah,1,0,0,1
gederathite,1,0,0,1
gederite,1,0,0,1
gederoth,2,0,0,2
gederothaim,1,0,0,1
gedor,7,0,0,7
gehazi,12,0,0,12
geliloth,1,0,0,1
gemalli,1,0,0,1
gemariah,5,0,0,5
gender,1,1,0,2
gendered,1,0,0,1
gendereth,1,1,0,2
genealogies,6,2,0,8
genealogy,14,0,0,14
general,1,1,5,7
generally,2,0,1,3
generation,57,35,13,105
generations,111,3,11,125
gennesar,0,0,1,1
gennesaret,0,3,0,3
genneus,0,0,1,1
gentile,0,2,0,2
gentiles,30,91,19,140
gentle,0,5,1,6
gentleness,2,2,0,4
gently,2,0,0,2
genubath,1,0,0,1
geon,0,0,1,1
gera,9,0,0,9
gerahs,5,0,0,5
gerar,10,0,0,10
gergesenes,0,1,0,1
gergesites,0,0,1,1
gerizim,4,0,0,4
gerrhenians,0,0,1,1
gershom,14,0,0,14
gershon,18,0,0,18
gershonite,2,0,0,2
gershonites,9,0,0,9
gerson,0,0,1,1
gesem,0,0,1,1
gesham,1,0,0,1
geshem,3,0,0,3
geshur,8,0,0,8
geshuri,2,0,0,2
geshurites,4,0,0,4
get,101,14,26,141
gether,2,0,0,2
gethsemane,0,2,0,2
getteth,8,0,2,10
getting,3,0,4,7
geuel,1,0,0,1
gezer,12,0,0,12
gezrites,1,0,0,1
ghost,11,97,3,111
giah,1,0,0,1
giant,8,0,2,10
giants,11,0,4,15
gibbar,1,0,0,1
gibbethon,5,0,0,5
gibea,1,0,0,1
gibeah,47,0,0,47
gibeath,1,0,0,1
gibeathite,1,0,0,1
gibeon,35,0,0,35
gibeonite,2,0,0,2
gibeonites,5,0,0,5
giblites,1,0,0,1
giddalti,2,0,0,2
giddel,4,0,0,4
gideon,37,0,0,37
gideoni,5,0,0,5
gidom,1,0,0,1
gier,2,0,0,2
gift,19,33,20,72
gifts,29,23,22,74
gihon,6,0,0,6
gilalai,1,0,0,1
gilboa,8,0,0,8
gilded,0,0,1,1
gilead,92,0,0,92
gilead's,1,0,0,1
gileadite,9,0,0,9
gileadites,4,0,0,4
gilgal,39,0,0,39
giloh,2,0,0,2
gilonite,2,0,0,2
gimzo,1,0,0,1
gin,3,0,0,3
ginath,2,0,0,2
ginnetho,1,0,0,1
ginnethon,2,0,0,2
gins,2,0,0,2
gird,21,5,1,27
girded,27,4,1,32
girdest,0,1,0,1
girdeth,4,0,0,4
girding,2,0,0,2
girdle,30,4,1,35
girdles,5,1,0,6
girgashite,1,0,0,1
girgashites,5,0,0,5
girgasite,1,0,0,1
girl,1,0,0,1
girls,1,0,0,1
girt,1,3,5,9
gispa,1,0,0,1
gittahhepher,1,0,0,1
gittaim,2,0,0,2
gittite,8,0,0,8
gittites,2,0,0,2
give,624,187,181,992
given,325,155,111,591
giver,1,1,1,3
givest,11,1,8,20
giveth,97,22,15,134
giving,8,21,14,43
gizonite,1,0,0,1
glad,68,21,12,101
gladly,0,8,2,10
gladness,40,7,22,69
glass,1,7,0,8
glasses,1,0,0,1
glean,9,0,0,9
gleaned,5,0,0,5
gleaning,5,0,0,5
gleanings,1,0,0,1
glede,1,0,0,1
glistered,0,0,2,2
glistering,1,1,0,2
glitter,1,0,0,1
glittering,6,0,3,9
gloominess,2,0,0,2
gloriest,1,0,0,1
glorieth,1,2,1,4
glorified,13,36,6,55
glorifieth,1,0,0,1
glorify,8,14,6,28
glorifying,0,3,0,3
glorious,32,12,32,76
gloriously,3,0,3,6
glory,214,157,109,480
glorying,0,4,1,5
glueth,0,0,1,1
glutton,2,0,0,2
gluttonous,0,2,0,2
gnash,2,0,1,3
gnashed,1,1,0,2
gnasheth,2,1,0,3
gnashing,0,7,0,7
gnat,0,1,0,1
gnaw,1,0,0,1
gnawed,0,1,1,2
go,1114,238,192,1544
goad,1,0,1,2
goads,2,0,0,2
goat,32,0,0,32
goath,1,0,0,1
goats,79,6,3,88
goats',10,0,0,10
goatskins,0,1,0,1
gob,2,0,0,2
goblet,1,0,0,1
god,2687,1188,418,4293
god's,10,15,4,29
god-ward,1,2,0,3
goddess,2,3,0,5
godfor,1,0,0,1
godhead,0,3,0,3
godless,0,0,1,1
godliness,0,15,3,18
godly,4,11,16,31
gods,207,8,46,261
goest,39,7,3,49
goeth,101,30,15,146
gog,8,1,0,9
going,75,16,17,108
goings,24,0,0,24
golan,4,0,0,4
gold,336,25,102,463
golden,48,13,11,72
goldsmith,3,0,0,3
goldsmith's,1,0,0,1
goldsmiths,2,0,2,4
golgotha,0,3,0,3
goliath,6,0,1,7
gomer,6,0,0,6
gomorrah,19,0,0,19
gomorrha,0,5,1,6
gone,171,38,36,245
good,437,218,204,859
goodlier,1,0,0,1
goodliest,2,0,1,3
goodliness,1,0,0,1
goodly,29,4,5,38
goodman,1,5,0,6
goodness,41,6,14,61
goodness',1,0,0,1
goods,26,15,20,61
goodturn,0,0,1,1
gopher,1,0,0,1
gore,1,0,0,1
gored,1,0,0,1
gorgeous,0,1,0,1
gorgeously,1,1,0,2
gorgias,0,0,10,10
gorgias',0,0,1,1
gortyna,0,0,1,1
goshen,14,0,0,14
gospel,0,95,0,95
gospel's,0,3,0,3
got,7,0,14,21
gotholias,0,0,1,1
gothoniel,0,0,1,1
gotten,21,2,27,50
gourd,4,0,0,4
gourds,1,0,0,1
govern,3,0,3,6
governance,0,0,2,2
governed,0,0,1,1
governeth,0,0,3,3
government,3,1,4,8
governments,0,1,6,7
governor,34,23,31,88
governor's,0,1,0,1
governors,18,3,18,39
governours,0,0,2,2
gozan,5,0,0,5
graba,0,0,1,1
grace,37,122,21,180
graces,0,0,1,1
gracious,28,2,11,41
graciously,4,0,4,8
graff,0,1,0,1
graffed,0,4,0,4
grain,1,6,3,10
grandmother,0,1,0,1
grant,13,8,11,32
granted,11,4,14,29
grape,8,0,5,13
grapegatherer,1,0,0,1
grapegatherers,2,0,1,3
grapegleanings,1,0,0,1
grapes,30,3,4,37
grass,46,10,4,60
grasshopper,3,0,0,3
grasshoppers,7,0,3,10
grate,6,0,0,6
gratify,0,0,1,1
grave,56,8,22,86
grave's,1,0,0,1
graveclothes,0,1,0,1
graved,2,0,1,3
gravel,3,0,0,3
gravelstone,0,0,1,1
graven,52,1,6,59
graves,14,5,4,23
graveth,1,0,0,1
graving,3,0,0,3
gravings,1,0,0,1
gravity,0,2,0,2
gray,5,0,5,10
grayheaded,2,0,0,2
grease,1,0,0,1
great,673,242,340,1255
greater,31,41,15,87
greatest,10,11,5,26
greatly,69,18,30,117
greatness,31,1,8,40
greaves,1,0,0,1
grecia,3,0,0,3
grecian,0,0,1,1
grecians,1,3,4,8
greece,1,1,1,3
greedily,2,1,0,3
greediness,0,1,1,2
greedy,4,2,4,10
greek,0,12,1,13
greekish,0,0,1,1
greeks,0,14,2,16
green,37,4,4,45
greenish,2,0,0,2
greenness,1,0,0,1
greet,1,14,0,15
greeteth,0,1,0,1
greeting,0,3,18,21
greetings,0,3,1,4
grew,20,8,5,33
grey,1,0,0,1
greyheaded,1,0,0,1
greyhound,1,0,0,1
grief,23,3,10,36
griefs,1,0,0,1
grievance,1,0,0,1
grieve,4,1,4,9
grieved,30,10,16,56
grieveth,2,0,1,3
grieving,1,0,0,1
grievous,28,8,12,48
grievously,5,2,4,11
grievousness,2,0,0,2
grind,5,2,0,7
grinders,1,0,0,1
grinding,1,2,0,3
grisled,4,0,0,4
groan,4,3,0,7
groaned,0,1,1,2
groaneth,0,1,1,2
groaning,7,2,2,11
groanings,2,1,0,3
grope,4,0,0,4
gropeth,1,0,0,1
gross,2,2,0,4
ground,160,28,28,216
grounded,1,2,0,3
grove,17,0,0,17
groves,24,0,3,27
grow,28,9,6,43
groweth,11,3,1,15
growing,0,0,4,4
grown,21,1,4,26
growth,1,0,0,1
grudge,2,1,1,4
grudged,0,0,1,1
grudging,0,1,0,1
grudgingly,0,1,0,1
guard,45,1,4,50
guard's,1,0,0,1
gudgodah,1,0,0,1
guess,0,0,2,2
guest,0,1,1,2
guestchamber,0,2,0,2
guests,4,2,0,6
guide,17,6,5,28
guided,5,0,2,7
guides,0,2,2,4
guiding,1,0,1,2
guile,4,7,0,11
guilt,2,0,0,2
guiltiness,1,0,0,1
guiltless,9,1,0,10
guilty,20,6,2,28
gulf,0,1,0,1
guni,4,0,0,4
gunites,1,0,0,1
gur,1,0,0,1
gurbaal,1,0,0,1
gush,1,0,0,1
gushed,4,1,1,6
gutter,1,0,0,1
gutters,2,0,0,2
ha,1,0,0,1
haahashtari,1,0,0,1
habaiah,2,0,0,2
habakkuk,2,0,0,2
habaziniah,1,0,0,1
habbacuc,0,0,5,5
habergeon,3,0,0,3
habergeons,2,0,0,2
habitable,1,0,0,1
habitation,52,5,5,62
habitations,19,1,3,23
habor,3,0,0,3
hachaliah,2,0,0,2
hachilah,3,0,0,3
hachmoni,1,0,0,1
hachmonite,1,0,0,1
had,1193,579,479,2251
hadad,12,0,0,12
hadadezer,8,0,0,8
hadadrimmon,1,0,0,1
hadar,2,0,0,2
hadarezer,10,0,0,10
hadashah,1,0,0,1
hadassah,1,0,0,1
hadattah,1,0,0,1
hadid,3,0,0,3
hadlai,1,0,0,1
hadoram,4,0,0,4
hadrach,1,0,0,1
hadst,16,5,10,31
haft,1,0,0,1
hagab,1,0,0,1
hagaba,1,0,0,1
hagabah,1,0,0,1
hagar,10,0,0,10
hagarenes,1,0,0,1
hagarites,3,0,0,3
hagerite,1,0,0,1
haggai,11,0,0,11
haggeri,1,0,0,1
haggi,2,0,0,2
haggiah,1,0,0,1
haggites,1,0,0,1
haggith,5,0,0,5
hagia,0,0,1,1
hai,2,0,0,2
hail,25,9,4,38
hails,0,0,1,1
hailstones,5,0,3,8
hair,47,13,12,72
hairs,10,5,3,18
hairy,5,0,0,5
hakkatan,1,0,0,1
hakkoz,1,0,0,1
hakupha,2,0,0,2
halah,3,0,0,3
halak,2,0,0,2
hale,0,1,0,1
half,109,7,13,129
halhul,1,0,0,1
hali,1,0,0,1
halicarnassus,0,0,1,1
haling,0,1,0,1
hall,0,7,0,7
hallohesh,1,0,0,1
hallow,15,0,1,16
hallowed,19,2,5,26
halohesh,1,0,0,1
halt,2,4,0,6
halted,2,0,0,2
halteth,2,0,0,2
halting,1,0,0,1
ham,16,0,0,16
haman,43,0,0,43
haman's,3,0,0,3
hamath,32,0,0,32
hamathite,2,0,0,2
hamathzobah,1,0,0,1
hammath,1,0,0,1
hammedatha,5,0,0,5
hammelech,2,0,0,2
hammer,6,0,1,7
hammers,3,0,0,3
hammoleketh,1,0,0,1
hammon,2,0,0,2
hammothdor,1,0,0,1
hamonah,1,0,0,1
hamongog,2,0,0,2
hamor,12,0,0,12
hamor's,1,0,0,1
hamuel,1,0,0,1
hamul,3,0,0,3
hamulites,1,0,0,1
hamutal,3,0,0,3
hanameel,4,0,0,4
hanan,12,0,0,12
hananeel,4,0,0,4
hanani,11,0,0,11
hananiah,28,0,0,28
hand,1141,152,126,1419
handbreadth,3,0,0,3
handed,1,0,1,2
handful,9,0,0,9
handfuls,5,0,1,6
handing,0,0,1,1
handkerchiefs,0,1,0,1
handle,8,2,1,11
handled,1,2,1,4
handles,1,0,0,1
handleth,3,0,0,3
handling,1,1,2,4
handmaid,39,1,9,49
handmaiden,0,1,0,1
handmaidens,2,1,0,3
handmaids,7,0,1,8
hands,334,105,105,544
handsomely,0,0,1,1
handstaves,1,0,0,1
handwriting,0,1,2,3
handywork,1,0,0,1
hanes,1,0,0,1
hang,16,3,2,21
hanged,23,7,9,39
hangeth,1,1,1,3
hanging,18,0,0,18
hangings,18,0,0,18
haniel,1,0,0,1
hannah,11,0,0,11
hannathon,1,0,0,1
hanniel,1,0,0,1
hanoch,5,0,0,5
hanochites,1,0,0,1
hanun,10,0,0,10
hap,1,0,0,1
haphraim,1,0,0,1
haply,1,5,0,6
happen,3,1,9,13
happened,5,7,20,32
happeneth,4,0,2,6
happier,0,1,0,1
happy,19,6,6,31
hara,1,0,0,1
haradah,2,0,0,2
haran,16,0,0,16
hararite,4,0,0,4
harbona,1,0,0,1
harbonah,1,0,0,1
hard,36,9,10,55
harden,9,3,0,12
hardened,28,5,1,34
hardeneth,3,1,0,4
hardening,0,0,1,1
harder,3,0,0,3
hardhearted,1,0,0,1
hardiness,0,0,1,1
hardly,3,5,3,11
hardness,1,6,1,8
hardy,0,0,1,1
hare,2,0,0,2
hareph,1,0,0,1
hareth,1,0,0,1
harhaiah,1,0,0,1
harhas,1,0,0,1
harhur,2,0,0,2
harim,11,0,0,11
hariph,2,0,0,2
harlot,34,4,3,41
harlot's,2,0,0,2
harlots,3,4,4,11
harlots',1,0,0,1
harm,10,6,12,28
harmless,0,3,2,5
harmony,0,0,1,1
harnepher,1,0,0,1
harness,5,0,6,11
harnessed,1,0,2,3
harod,1,0,0,1
harodite,1,0,0,1
haroeh,1,0,0,1
harorite,1,0,0,1
harosheth,3,0,0,3
harp,28,1,1,30
harped,0,1,0,1
harpers,0,2,0,2
harping,0,1,0,1
harps,17,3,3,23
harrow,1,0,0,1
harrows,2,0,0,2
harsha,2,0,0,2
hart,9,0,0,9
harts,2,0,0,2
harum,1,0,0,1
harumaph,1,0,0,1
haruphite,1,0,0,1
haruz,1,0,0,1
harvest,43,8,3,54
harvestman,2,0,0,2
has,1,0,1,2
hasadiah,1,0,0,1
hasenuah,1,0,0,1
hashabiah,15,0,0,15
hashabnah,1,0,0,1
hashabniah,2,0,0,2
hashbadana,1,0,0,1
hashem,1,0,0,1
hashmonah,2,0,0,2
hashub,4,0,0,4
hashubah,1,0,0,1
hashum,5,0,0,5
hashupha,1,0,0,1
hasrah,1,0,0,1
hassenaah,1,0,0,1
hasshub,1,0,0,1
hast,725,123,176,1024
haste,48,6,22,76
hasted,22,1,4,27
hasten,8,0,3,11
hastened,7,0,1,8
hasteneth,1,0,0,1
hasteth,9,0,2,11
hastily,7,1,2,10
hasting,1,1,1,3
hasty,9,0,4,13
hasupha,1,0,0,1
hat,0,0,1,1
hatach,4,0,0,4
hatch,2,0,0,2
hatcheth,1,0,0,1
hate,69,16,14,99
hated,44,12,13,69
hatedst,0,0,1,1
hateful,1,2,7,10
hatefully,1,0,0,1
haters,1,1,0,2
hatest,5,1,1,7
hateth,21,9,9,39
hath,1367,474,313,2154
hathath,1,0,0,1
hating,1,2,0,3
hatipha,2,0,0,2
hatita,2,0,0,2
hatred,17,1,10,28
hats,1,0,0,1
hattil,2,0,0,2
hattush,5,0,0,5
haughtily,1,0,0,1
haughtiness,5,0,2,7
haughty,10,0,5,15
haunt,3,0,0,3
hauran,2,0,0,2
have,2192,907,509,3608
haven,2,1,6,9
havens,0,1,0,1
havilah,7,0,0,7
having,36,150,62,248
havock,0,1,1,2
havothjair,2,0,0,2
hawk,3,0,0,3
hay,2,1,0,3
hazael,21,0,0,21
hazaiah,1,0,0,1
hazaraddar,1,0,0,1
hazarded,0,1,0,1
hazarenan,4,0,0,4
hazargaddah,1,0,0,1
hazarhatticon,1,0,0,1
hazarmaveth,2,0,0,2
hazarshual,4,0,0,4
hazarsusah,1,0,0,1
hazarsusim,1,0,0,1
hazazontamar,1,0,0,1
hazel,1,0,0,1
hazelelponi,1,0,0,1
hazerim,1,0,0,1
hazeroth,5,0,0,5
hazezontamar,1,0,0,1
haziel,1,0,0,1
hazo,1,0,0,1
hazor,17,0,0,17
he,5340,2259,1423,9022
head,280,54,60,394
headbands,1,0,0,1
headlong,1,2,2,5
heads,86,16,30,132
headstone,1,0,0,1
headstrong,0,0,1,1
headtire,0,0,1,1
heady,0,1,0,1
heal,20,19,4,43
healed,32,45,4,81
healer,1,0,0,1
healeth,4,0,1,5
healing,4,9,1,14
healings,0,1,0,1
health,15,2,18,35
healthful,0,0,1,1
heap,33,2,5,40
heaped,1,1,0,2
heapeth,2,0,0,2
heaps,19,0,3,22
hear,386,130,74,590
heard,380,242,105,727
heardest,12,0,2,14
hearer,0,2,1,3
hearers,0,4,0,4
hearest,7,4,2,13
heareth,28,20,5,53
hearing,14,23,9,46
hearken,142,8,11,161
hearkened,80,1,5,86
hearkenedst,1,0,0,1
hearkeneth,2,0,1,3
hearkening,1,0,0,1
heart,664,98,163,925
heart's,2,1,0,3
hearted,8,0,0,8
hearth,6,0,1,7
heartily,0,1,1,2
hearts,49,61,22,132
hearts',1,0,0,1
hearty,1,0,0,1
heat,22,8,13,43
heated,2,0,1,3
heath,2,0,0,2
heathen,138,7,68,213
heathenish,0,0,1,1
heave,24,0,0,24
heaved,3,0,0,3
heaven,313,237,94,644
heaven's,0,1,0,1
heavenly,0,22,2,24
heavens,108,19,13,140
heavier,3,0,1,4
heavily,3,0,0,3
heaviness,9,5,20,34
heavy,32,7,13,52
heber,11,1,0,12
heber's,1,0,0,1
heberites,1,0,0,1
hebrew,14,11,1,26
hebrewess,1,0,0,1
hebrews,17,3,5,25
hebrews',1,0,0,1
hebron,68,0,1,69
hebronites,5,0,0,5
hedge,8,1,3,12
hedged,2,1,0,3
hedges,5,1,0,6
heed,45,35,16,96
heel,5,1,2,8
heels,4,0,1,5
hegai,2,0,0,2
hege,1,0,0,1
heifer,18,1,1,20
heifer's,1,0,0,1
height,52,3,12,67
heights,2,0,1,3
heinous,1,0,0,1
heir,8,9,3,20
heirs,1,9,0,10
helah,2,0,0,2
helam,2,0,0,2
helbah,1,0,0,1
helbon,1,0,0,1
helchiah,0,0,1,1
helchias,0,0,1,1
held,36,16,29,81
heldai,2,0,0,2
heleb,1,0,0,1
heled,1,0,0,1
helek,2,0,0,2
helekites,1,0,0,1
helem,2,0,0,2
heleph,1,0,0,1
helez,4,0,0,4
heli,0,1,1,2
helias,0,0,1,1
heliodorus,0,0,13,13
heliodorus',0,0,1,1
helkai,1,0,0,1
helkath,2,0,0,2
helkathhazzurim,1,0,0,1
helkias,0,0,1,1
hell,31,23,10,64
helm,0,1,0,1
helmet,6,2,1,9
helmets,2,0,1,3
helon,5,0,0,5
help,107,10,66,183
helped,22,2,6,30
helper,7,2,8,17
helpers,5,2,2,9
helpeth,2,2,2,6
helping,2,1,1,4
helps,0,2,1,3
helve,1,0,0,1
hem,4,2,0,6
hemam,1,0,0,1
heman,14,0,0,14
hemath,3,0,0,3
hemdan,1,0,0,1
hemlock,2,0,0,2
hems,1,0,0,1
hen,1,2,1,4
hena,3,0,0,3
henadad,4,0,0,4
hence,16,13,0,29
henceforth,14,18,5,37
henceforward,1,1,0,2
henoch,2,0,0,2
hepher,9,0,0,9
hepherites,1,0,0,1
hephzibah,2,0,0,2
her,964,229,354,1547
her's,1,0,0,1
herald,1,0,0,1
herb,19,0,1,20
herbs,13,5,3,21
hercules,0,0,1,1
hercules',0,0,1,1
herd,14,7,0,21
herdman,1,0,0,1
herdmen,5,0,0,5
herds,32,0,2,34
here,97,54,23,174
hereafter,4,10,14,28
hereby,4,9,0,13
herein,2,7,1,10
hereof,0,2,8,10
heres,1,0,0,1
heresh,1,0,0,1
heresies,0,3,0,3
heresy,0,1,0,1
heretick,0,1,0,1
heretofore,7,1,1,9
hereunto,1,1,1,3
hereupon,0,0,2,2
herewith,1,0,1,2
heritage,28,1,15,44
heritages,1,0,0,1
hermas,0,1,0,1
hermes,0,1,0,1
hermogenes,0,1,0,1
hermon,13,0,1,14
hermonites,1,0,0,1
herod,0,39,0,39
herod's,0,4,0,4
herodians,0,3,0,3
herodias,0,4,0,4
herodias',0,2,0,2
herodion,0,1,0,1
heron,2,0,0,2
hers,3,0,0,3
herself,31,10,18,59
hesed,1,0,0,1
heshbon,37,0,0,37
heshmon,1,0,0,1
heth,12,0,0,12
hethlon,2,0,0,2
hew,11,0,0,11
hewed,13,0,1,14
hewer,1,0,0,1
hewers,9,0,0,9
heweth,3,0,0,3
hewn,11,6,5,22
hezeki,1,0,0,1
hezekiah,117,0,0,117
hezion,1,0,0,1
hezir,2,0,0,2
hezrai,1,0,0,1
hezro,1,0,0,1
hezron,17,0,0,17
hezron's,1,0,0,1
hezronites,2,0,0,2
hid,98,27,26,151
hiddai,1,0,0,1
hiddekel,2,0,0,2
hidden,11,6,8,25
hide,77,3,15,95
hidest,6,0,1,7
hideth,14,1,2,17
hiding,6,0,0,6
hiel,1,0,0,1
hierapolis,0,1,0,1
hiereel,0,0,1,1
hieremoth,0,0,2,2
hierielus,0,0,1,1
hiermas,0,0,1,1
hieronymus,0,0,1,1
higgaion,1,0,0,1
high,315,82,174,571
higher,15,3,3,21
highest,8,10,34,52
highly,0,6,1,7
highminded,0,3,0,3
highness,2,0,0,2
highway,14,1,0,15
highways,7,3,0,10
hilen,1,0,0,1
hilkiah,30,0,0,30
hilkiah's,1,0,0,1
hill,64,7,21,92
hill's,1,0,0,1
hillel,2,0,0,2
hills,64,1,7,72
him,3137,1848,915,5900
himself,301,193,110,604
hin,19,0,0,19
hind,3,0,0,3
hinder,11,5,6,22
hindered,1,4,7,12
hindereth,1,0,1,2
hindermost,2,0,0,2
hindmost,3,0,1,4
hinds,4,0,0,4
hinds',3,0,0,3
hinges,2,0,0,2
hinnom,11,0,0,11
hip,1,0,0,1
hirah,2,0,0,2
hiram,18,0,0,18
hiram's,1,0,0,1
hircanus,0,0,1,1
hire,17,4,1,22
hired,28,6,4,38
hireling,6,2,4,12
hirelings,0,0,1,1
hires,1,0,0,1
hirest,1,0,0,1
his,4790,1177,1160,7127
hiss,12,0,1,13
hissing,8,0,1,9
histories,0,0,1,1
hit,2,0,0,2
hither,42,23,7,72
hitherto,15,4,1,20
hittite,25,0,0,25
hittites,22,0,1,23
hivite,9,0,0,9
hivites,16,0,0,16
hizkiah,1,0,0,1
hizkijah,1,0,0,1
ho,3,0,0,3
hoar,4,0,1,5
hoarded,0,0,2,2
hoarfrost,1,0,1,2
hoary,4,0,0,4
hobab,2,0,0,2
hobah,1,0,0,1
hod,1,0,0,1
hodaiah,1,0,0,1
hodaviah,3,0,0,3
hodesh,1,0,0,1
hodevah,1,0,0,1
hodiah,1,0,0,1
hodijah,5,0,0,5
hoglah,4,0,0,4
hoham,1,0,0,1
hoised,0,1,0,1
hold,136,46,42,224
holden,9,3,1,13
holdest,5,1,0,6
holdeth,8,1,8,17
holding,2,7,5,14
holds,20,1,17,38
hole,8,0,0,8
hole's,1,0,0,1
holes,9,2,0,11
holier,1,0,0,1
holiest,0,3,0,3
holily,0,1,1,2
holiness,30,13,10,53
hollow,8,0,3,11
holm,0,0,1,1
holofernes,0,0,41,41
holofernes',0,0,2,2
holon,3,0,0,3
holpen,4,1,0,5
holy,375,169,127,671
holyday,1,1,0,2
homam,1,0,0,1
home,38,12,11,61
homeborn,2,0,0,2
homer,6,0,0,6
homers,1,0,0,1
honest,0,7,7,14
honestly,0,3,2,5
honesty,0,1,0,1
honey,52,4,6,62
honeycomb,8,1,1,10
honor,1,0,1,2
honorable,0,0,2,2
honored,0,0,1,1
honour,85,50,65,200
honourable,23,7,20,50
honourably,0,0,15,15
honoured,7,2,31,40
honourest,1,0,0,1
honoureth,4,4,5,13
honours,0,1,2,3
hoods,1,0,0,1
hoof,10,0,0,10
hoofs,6,0,0,6
hook,4,1,0,5
hooks,18,0,1,19
hope,68,53,35,156
hope's,0,1,0,1
hoped,7,4,3,14
hopes,0,0,3,3
hopeth,0,1,0,1
hophni,5,0,0,5
hoping,0,2,0,2
hor,12,0,0,12
horam,1,0,0,1
horeb,17,0,1,18
horem,1,0,0,1
horhagidgad,2,0,0,2
hori,4,0,0,4
horims,2,0,0,2
horite,1,0,0,1
horites,3,0,0,3
hormah,9,0,0,9
horn,33,1,4,38
hornet,2,0,0,2
hornets,1,0,0,1
horns,50,9,0,59
horonaim,4,0,0,4
horonite,3,0,0,3
horrible,6,0,11,17
horribly,2,0,2,4
horror,4,0,1,5
horse,33,8,5,46
horseback,5,0,3,8
horsehoofs,1,0,0,1
horseleach,1,0,0,1
horselitter,0,0,1,1
horseman,2,0,1,3
horsemen,53,3,46,102
horses,97,6,10,113
horses',1,1,0,2
hosah,5,0,0,5
hosanna,0,5,0,5
hosea,2,0,0,2
hosen,1,0,0,1
hoshaiah,3,0,0,3
hoshama,1,0,0,1
hoshaphat,1,0,0,1
hoshea,11,0,0,11
hospitality,0,4,0,4
host,175,4,89,268
hostage,0,0,1,1
hostages,2,0,6,8
hosts,286,0,4,290
hot,27,3,6,36
hotham,1,0,0,1
hothan,1,0,0,1
hothir,2,0,0,2
hotly,1,0,0,1
hottest,1,0,0,1
hough,1,0,1,2
houghed,3,0,0,3
hour,5,82,7,94
hours,0,3,2,5
house,1532,181,127,1840
household,47,13,2,62
householder,0,4,0,4
households,7,0,0,7
housekeeping,0,0,1,1
houseroom,0,0,1,1
houses,112,13,21,146
housetop,2,5,0,7
housetops,5,2,0,7
how,274,215,112,601
howbeit,41,23,29,93
howl,26,1,0,27
howled,1,0,0,1
howling,5,0,0,5
howlings,1,0,0,1
howsoever,4,0,0,4
huckster,0,0,1,1
huge,1,0,0,1
hukkok,1,0,0,1
hukok,1,0,0,1
hul,2,0,0,2
huldah,2,0,0,2
humble,17,7,10,34
humbled,24,1,4,29
humbledst,1,0,0,1
humbleness,0,1,0,1
humbleth,4,2,2,8
humbling,0,0,1,1
humbly,2,0,2,4
humiliation,0,1,0,1
humility,3,4,1,8
humtah,1,0,0,1
hundred,484,33,123,640
hundredfold,2,5,0,7
hundreds,27,1,1,29
hundredth,3,0,0,3
hunger,13,11,4,28
hungerbitten,1,0,0,1
hungered,0,2,0,2
hungred,0,9,0,9
hungry,24,5,7,36
hunt,10,0,0,10
hunted,1,0,0,1
hunter,3,0,0,3
hunters,1,0,0,1
huntest,2,0,0,2
hunteth,1,0,0,1
hunting,2,0,0,2
hupham,1,0,0,1
huphamites,1,0,0,1
huppah,1,0,0,1
huppim,3,0,0,3
hur,16,0,0,16
hurai,1,0,0,1
huram,11,0,0,11
huri,1,0,0,1
hurl,1,0,0,1
hurleth,1,0,0,1
hurling,1,0,0,1
hurt,47,13,28,88
hurteth,0,0,1,1
hurtful,2,1,3,6
hurting,1,0,0,1
husband,75,29,27,131
husband's,4,0,2,6
husbandman,4,3,3,10
husbandman's,0,0,2,2
husbandmen,5,14,0,19
husbandry,1,1,3,5
husbands,6,13,4,23
husbundry,0,0,1,1
hushah,1,0,0,1
hushai,13,0,0,13
husham,4,0,0,4
hushathite,5,0,0,5
hushim,4,0,0,4
husk,2,0,0,2
husks,0,1,0,1
huz,1,0,0,1
huzzab,1,0,0,1
hydaspes,0,0,1,1
hyena,0,0,1,1
hymenaeus,0,2,0,2
hymn,0,2,0,2
hymns,0,2,1,3
hypocrisies,0,1,0,1
hypocrisy,1,5,1,7
hypocrite,7,3,3,13
hypocrite's,1,0,0,1
hypocrites,3,17,0,20
hypocritical,2,0,0,2
hyssop,10,2,0,12
i,4503,1523,638,6664
ibhar,3,0,0,3
ibleam,3,0,0,3
ibneiah,1,0,0,1
ibnijah,1,0,0,1
ibri,1,0,0,1
ibzan,2,0,0,2
ice,3,0,4,7
ichabod,1,0,0,1
ichabod's,1,0,0,1
iconium,0,6,0,6
icy,0,0,1,1
idalah,1,0,0,1
idbash,1,0,0,1
iddo,13,0,0,13
idle,3,5,6,14
idleness,3,0,1,4
idol,8,4,4,16
idol's,0,1,1,2
idolater,0,2,0,2
idolaters,0,5,0,5
idolatries,0,1,0,1
idolatrous,1,0,2,3
idolatry,1,4,0,5
idols,79,16,17,112
iduel,0,0,1,1
idumaea,0,1,0,1
idumea,4,0,6,10
idumeans,0,0,2,2
if,871,549,236,1656
igal,2,0,0,2
igdaliah,1,0,0,1
igeal,1,0,0,1
ignominy,1,0,0,1
ignorance,12,5,4,21
ignorances,0,0,5,5
ignorant,3,13,4,20
ignorantly,2,2,1,5
iim,2,0,0,2
ijeabarim,2,0,0,2
ijon,3,0,0,3
ikkesh,3,0,0,3
ilai,1,0,0,1
ill,14,1,7,22
illuminated,0,1,1,2
illumination,0,0,1,1
illusions,0,0,1,1
illyricum,0,1,0,1
image,59,23,12,94
image's,1,0,0,1
imagery,1,0,1,2
images,63,0,5,68
imagination,13,1,5,19
imaginations,4,2,4,10
imagine,11,1,3,15
imagined,3,0,3,6
imagineth,1,0,2,3
imla,2,0,0,2
imlah,2,0,0,2
immanuel,2,0,0,2
immediately,0,55,10,65
immer,10,0,0,10
immortal,0,1,7,8
immortality,0,5,7,12
immunities,0,0,2,2
immunity,0,0,2,2
immutability,0,1,0,1
immutable,0,1,0,1
imna,1,0,0,1
imnah,2,0,0,2
impart,0,2,0,2
imparted,1,1,2,4
impediment,0,1,1,2
impediments,0,0,1,1
impenitent,0,1,0,1
imperfect,0,0,2,2
imperious,1,0,0,1
impieties,0,0,1,1
impiety,0,0,3,3
implacable,0,1,0,1
implead,0,1,0,1
importable,0,0,1,1
importunity,0,1,0,1
impose,1,0,1,2
imposed,0,1,0,1
imposition,0,0,1,1
impossible,0,9,2,11
impotent,0,4,1,5
impoverish,1,0,0,1
impoverished,3,0,0,3
imprisoned,0,1,1,2
imprisonment,1,1,1,3
imprisonments,0,1,0,1
impudence,0,0,1,1
impudent,3,0,4,7
impute,2,1,0,3
imputed,2,6,1,9
imputeth,1,1,0,2
imputing,1,1,0,2
imrah,1,0,0,1
imri,2,0,0,2
in,7292,2228,1765,11285
inasmuch,2,7,3,12
incense,116,5,13,134
incensed,2,0,0,2
incline,16,0,1,17
inclined,13,0,0,13
inclineth,1,0,0,1
inclose,1,0,0,1
inclosed,7,1,0,8
inclosing,0,0,1,1
inclosings,2,0,0,2
incommunicable,0,0,1,1
incontinency,0,1,1,2
incontinent,0,1,0,1
incorruptible,0,4,1,5
incorruption,0,4,2,6
increase,77,10,15,102
increased,41,7,10,58
increasest,1,0,0,1
increaseth,13,1,2,16
increasing,0,1,3,4
incredible,0,1,0,1
incredulity,0,0,1,1
incurable,6,0,2,8
indebted,0,1,1,2
indeed,29,38,9,76
india,2,0,4,6
indian,0,0,1,1
indifferent,0,0,1,1
indignation,32,9,10,51
indiscreet,0,0,1,1
inditing,1,0,0,1
industrious,1,0,0,1
inestimable,0,0,1,1
inevitable,0,0,1,1
inexcusable,0,1,0,1
infallible,0,1,0,1
infamous,1,0,0,1
infamy,2,0,1,3
infant,2,0,0,2
infants,2,1,8,11
inferior,3,1,0,4
infidel,0,2,0,2
infidelity,0,0,1,1
infinite,3,0,6,9
infirmities,0,12,1,13
infirmity,3,7,1,11
inflame,1,0,0,1
inflamed,0,0,5,5
inflammation,2,0,0,2
inflicted,0,1,0,1
influence,0,0,1,1
influences,1,0,0,1
infolding,1,0,0,1
inform,1,0,3,4
informed,1,5,2,8
ingathering,2,0,0,2
inhabit,10,0,3,13
inhabitant,32,0,0,32
inhabitants,185,1,18,204
inhabited,31,0,8,39
inhabiters,0,2,0,2
inhabitest,1,0,0,1
inhabiteth,2,0,1,3
inhabiting,1,0,0,1
inherit,48,13,12,73
inheritance,185,18,33,236
inheritances,1,0,0,1
inherited,5,1,1,7
inheriteth,1,0,0,1
inheritor,1,0,0,1
inhibitants,0,0,1,1
iniquites,0,0,1,1
iniquities,50,5,12,67
iniquity,247,15,27,289
injured,0,1,0,1
injuries,0,0,1,1
injurious,0,1,2,3
injury,0,0,3,3
injustice,1,0,1,2
ink,1,3,0,4
inkhorn,3,0,0,3
inn,3,2,0,5
inner,33,2,3,38
innermost,2,0,0,2
innocency,5,0,3,8
innocent,35,2,11,48
innocents,2,0,0,2
innumerable,4,3,10,17
inordinate,1,1,0,2
inquisition,3,0,4,7
inscription,0,1,0,1
inside,1,0,0,1
insomuch,2,18,21,41
inspiration,1,1,0,2
inspired,0,0,1,1
instant,4,4,0,8
instantly,0,2,0,2
instead,29,0,19,48
instruct,8,1,3,12
instructed,13,6,3,22
instructer,1,0,0,1
instructers,0,1,0,1
instructeth,0,0,1,1
instructing,0,1,0,1
instruction,32,1,7,40
instructions,0,0,1,1
instructor,0,1,0,1
instrument,8,0,6,14
instruments,44,1,6,51
insurrection,2,2,2,6
integrity,16,0,0,16
intelligence,1,0,1,2
intemperance,0,0,1,1
intemperate,0,0,1,1
intend,2,2,1,5
intended,1,0,3,4
intendest,1,0,0,1
intending,0,3,0,3
intent,5,6,7,18
intents,1,1,0,2
intercession,4,5,1,10
intercessions,0,1,0,1
intercessor,1,0,0,1
intermeddle,1,0,0,1
intermeddleth,1,0,0,1
intermission,1,0,0,1
interpret,3,4,0,7
interpretation,34,8,10,52
interpretations,2,0,3,5
interpreted,4,7,1,12
interpreter,3,1,1,5
interpreting,1,0,0,1
interrupt,0,0,1,1
into,1231,593,341,2165
intolerable,0,0,2,2
intreat,12,3,5,20
intreated,14,3,2,19
intreaties,1,0,0,1
intreating,0,0,1,1
intreaty,0,1,0,1
intruding,0,1,0,1
invade,2,0,5,7
invaded,5,0,0,5
invading,0,0,1,1
invaluable,0,0,1,1
invasion,1,0,0,1
invent,1,0,0,1
invented,1,0,1,2
invention,0,0,2,2
inventions,5,0,5,10
inventors,0,1,0,1
invincible,0,0,3,3
inviolable,0,0,1,1
invisible,0,5,1,6
invite,0,0,1,1
invited,3,0,1,4
invocation,0,0,1,1
inward,21,4,1,26
inwardly,1,2,1,4
inwards,16,0,0,16
iphedeiah,1,0,0,1
ir,1,0,0,1
ira,6,0,0,6
irad,1,0,0,1
iram,2,0,0,2
iri,1,0,1,2
irijah,2,0,0,2
irksome,0,0,1,1
irnahash,1,0,0,1
iron,82,7,10,99
irons,1,0,0,1
irpeel,1,0,0,1
irshemesh,1,0,0,1
iru,1,0,0,1
is,3747,1725,970,6442
isaac,101,18,10,129
isaac's,4,0,0,4
isaiah,32,0,0,32
iscah,1,0,0,1
iscariot,0,11,0,11
ishbah,1,0,0,1
ishbak,2,0,0,2
ishbibenob,1,0,0,1
ishbosheth,11,0,0,11
ishi,5,0,0,5
ishiah,1,0,0,1
ishijah,1,0,0,1
ishma,1,0,0,1
ishmael,43,0,0,43
ishmael's,1,0,0,1
ishmaelite,1,0,0,1
ishmaelites,2,0,0,2
ishmaiah,1,0,0,1
ishmeelite,1,0,0,1
ishmeelites,4,0,0,4
ishmerai,1,0,0,1
ishod,1,0,0,1
ishpan,1,0,0,1
ishtob,2,0,0,2
ishuah,1,0,0,1
ishuai,1,0,0,1
ishui,1,0,0,1
island,2,7,0,9
islands,7,0,2,9
isle,3,3,0,6
isles,26,0,5,31
ismachiah,1,0,0,1
ismaiah,1,0,0,1
ispah,1,0,0,1
israel,2220,73,216,2509
israel's,9,0,4,13
israelite,2,2,0,4
israelites,16,2,10,28
israelitish,2,0,0,2
isreal,0,0,1,1
issac's,0,0,1,1
issachar,40,1,0,41
isshiah,2,0,0,2
issue,28,5,0,33
issued,5,2,1,8
issues,2,0,0,2
issueth,0,0,1,1
issuing,0,0,1,1
istalcurus,0,0,1,1
isuah,1,0,0,1
isui,1,0,0,1
it,3641,1076,714,5431
italian,0,1,0,1
italy,0,4,0,4
itch,1,0,0,1
itching,0,1,0,1
items,1,0,0,1
iterating,0,0,1,1
ithai,1,0,0,1
ithamar,20,0,1,21
ithiel,2,0,0,2
ithmah,1,0,0,1
ithnan,1,0,0,1
ithra,1,0,0,1
ithran,3,0,0,3
ithream,2,0,0,2
ithrite,2,0,0,2
ithrites,1,0,0,1
its,1,0,0,1
itself,27,19,9,55
ittahkazin,1,0,0,1
ittai,7,0,0,7
ituraea,0,1,0,1
ivah,3,0,0,3
ivory,12,1,0,13
ivy,0,0,1,1
izehar,1,0,0,1
izeharites,1,0,0,1
izhar,8,0,0,8
izharites,3,0,0,3
izrahiah,1,0,0,1
izrahite,1,0,0,1
izri,1,0,0,1
jaakan,1,0,0,1
jaakobah,1,0,0,1
jaala,1,0,0,1
jaalah,1,0,0,1
jaalam,4,0,0,4
jaanai,1,0,0,1
jaareoregim,1,0,0,1
jaasau,1,0,0,1
jaasiel,1,0,0,1
jaazaniah,4,0,0,4
jaazer,2,0,0,2
jaaziah,2,0,0,2
jaaziel,1,0,0,1
jabal,1,0,0,1
jabbok,7,0,0,7
jabesh,11,0,0,11
jabeshgilead,12,0,0,12
jabez,3,0,0,3
jabin,6,0,0,6
jabin's,1,0,0,1
jabneel,2,0,0,2
jabneh,1,0,0,1
jachan,1,0,0,1
jachin,8,0,0,8
jachinites,1,0,0,1
jacinth,0,2,0,2
jacob,308,24,34,366
jacob's,18,1,1,20
jacubus,0,0,1,1
jada,2,0,1,3
jadau,1,0,0,1
jaddua,3,0,0,3
jadon,1,0,0,1
jael,6,0,0,6
jagur,1,0,0,1
jah,1,0,0,1
jahath,7,0,0,7
jahaz,5,0,0,5
jahaza,1,0,0,1
jahazah,2,0,0,2
jahaziah,1,0,0,1
jahaziel,6,0,0,6
jahdai,1,0,0,1
jahdiel,1,0,0,1
jahdo,1,0,0,1
jahleel,2,0,0,2
jahleelites,1,0,0,1
jahmai,1,0,0,1
jahzah,1,0,0,1
jahzeel,2,0,0,2
jahzeelites,1,0,0,1
jahzerah,1,0,0,1
jahziel,1,0,0,1
jailor,0,1,0,1
jair,10,0,0,10
jairite,1,0,0,1
jairus,0,2,1,3
jakan,1,0,0,1
jakeh,1,0,0,1
jakim,2,0,0,2
jalon,1,0,0,1
jambres,0,1,0,1
jambri,0,0,2,2
james,0,38,0,38
jamin,6,0,0,6
jaminites,1,0,0,1
jamlech,1,0,0,1
jamnia,0,0,4,4
jamnites,0,0,3,3
jangling,0,1,0,1
janna,0,1,0,1
jannes,0,1,0,1
janoah,1,0,0,1
janohah,2,0,0,2
janum,1,0,0,1
japheth,11,0,1,12
japhia,5,0,0,5
japhlet,2,0,0,2
japhleti,1,0,0,1
japho,1,0,0,1
jarah,1,0,0,1
jareb,2,0,0,2
jared,5,1,0,6
jaresiah,1,0,0,1
jarha,2,0,0,2
jarib,3,0,1,4
jarimoth,0,0,1,1
jarmuth,7,0,0,7
jaroah,1,0,0,1
jasael,0,0,1,1
jashen,1,0,0,1
jasher,2,0,0,2
jashobeam,3,0,0,3
jashub,3,0,0,3
jashubilehem,1,0,0,1
jashubites,1,0,0,1
jasiel,1,0,0,1
jason,0,5,14,19
jasper,3,4,0,7
jasubus,0,0,1,1
jatal,0,0,1,1
jathniel,1,0,0,1
jattir,4,0,0,4
javan,7,0,0,7
javelin,6,0,0,6
jaw,4,0,0,4
jawbone,3,0,0,3
jaws,6,0,0,6
jazar,0,0,1,1
jazer,10,0,0,10
jaziz,1,0,0,1
je,1,0,0,1
jealous,15,1,3,19
jealousies,1,0,0,1
jealousy,27,4,3,34
jearim,1,0,0,1
jeaterai,1,0,0,1
jeberechiah,1,0,0,1
jebus,4,0,0,4
jebusi,2,0,0,2
jebusite,14,0,1,15
jebusites,23,0,1,24
jecamiah,1,0,0,1
jecholiah,1,0,0,1
jechonias,0,2,4,6
jecoliah,1,0,0,1
jeconiah,7,0,0,7
jeconias,0,0,1,1
jedaiah,13,0,0,13
jeddu,0,0,1,1
jedeus,0,0,1,1
jediael,6,0,0,6
jedidah,1,0,0,1
jedidiah,1,0,0,1
jeduthun,11,0,1,12
jeeli,0,0,1,1
jeelus,0,0,1,1
jeezer,1,0,0,1
jeezerites,1,0,0,1
jegarsahadutha,1,0,0,1
jehaleleel,1,0,0,1
jehalelel,1,0,0,1
jehdeiah,2,0,0,2
jehezekel,1,0,0,1
jehiah,1,0,0,1
jehiel,16,0,0,16
jehieli,2,0,0,2
jehizkiah,1,0,0,1
jehoadah,1,0,0,1
jehoaddan,2,0,0,2
jehoahaz,22,0,0,22
jehoash,16,0,0,16
jehohanan,6,0,0,6
jehoiachin,8,0,0,8
jehoiachin's,1,0,0,1
jehoiada,49,0,0,49
jehoiakim,37,0,0,37
jehoiarib,2,0,0,2
jehonadab,2,0,0,2
jehonathan,3,0,0,3
jehoram,21,0,0,21
jehoshabeath,1,0,0,1
jehoshaphat,76,0,0,76
jehosheba,1,0,0,1
jehoshua,1,0,0,1
jehoshuah,1,0,0,1
jehovah,4,0,0,4
jehovahjireh,1,0,0,1
jehovahnissi,1,0,0,1
jehovahshalom,1,0,0,1
jehozabad,4,0,0,4
jehozadak,2,0,0,2
jehu,55,0,0,55
jehubbah,1,0,0,1
jehucal,1,0,0,1
jehud,1,0,0,1
jehudi,3,0,0,3
jehudijah,1,0,0,1
jehush,1,0,0,1
jeiel,10,0,0,10
jekabzeel,1,0,0,1
jekameam,2,0,0,2
jekamiah,1,0,0,1
jekuthiel,1,0,0,1
jemima,1,0,0,1
jemnaan,0,0,1,1
jemuel,2,0,0,2
jeopard,0,0,2,2
jeoparded,1,0,0,1
jeopardy,3,2,2,7
jephthae,0,1,0,1
jephthah,25,0,0,25
jephunne,0,0,1,1
jephunneh,16,0,0,16
jerah,2,0,0,2
jerahmeel,8,0,0,8
jerahmeelites,2,0,0,2
jerechus,0,0,1,1
jered,2,0,0,2
jeremai,1,0,0,1
jeremiah,132,0,0,132
jeremiah's,1,0,0,1
jeremias,0,1,4,5
jeremoth,5,0,0,5
jeremy,0,2,9,11
jeriah,2,0,0,2
jeribai,1,0,0,1
jericho,53,6,6,65
jeriel,1,0,0,1
jerijah,1,0,0,1
jerimoth,8,0,0,8
jerioth,1,0,0,1
jeroboam,93,0,1,94
jeroboam's,2,0,0,2
jeroham,10,0,0,10
jerubbaal,13,0,0,13
jerubbesheth,1,0,0,1
jeruel,1,0,0,1
jerusalem,623,141,192,956
jerusalem's,3,0,0,3
jerusha,1,0,0,1
jerushah,1,0,0,1
jesaiah,2,0,0,2
jeshaiah,5,0,0,5
jeshanah,1,0,0,1
jesharelah,1,0,0,1
jeshebeab,1,0,0,1
jesher,1,0,0,1
jeshimon,6,0,0,6
jeshishai,1,0,0,1
jeshohaiah,1,0,0,1
jeshua,29,0,0,29
jeshuah,1,0,0,1
jeshurun,3,0,0,3
jesiah,2,0,0,2
jesimiel,1,0,0,1
jesse,39,5,1,45
jessue,0,0,1,1
jest,0,0,1,1
jesting,0,1,0,1
jesu,0,0,1,1
jesui,1,0,0,1
jesuites,1,0,0,1
jesurun,1,0,0,1
jesus,0,935,18,953
jesus',0,10,0,10
jether,7,0,0,7
jetheth,2,0,0,2
jethlah,1,0,0,1
jethro,9,0,0,9
jetur,3,0,0,3
jeuel,1,0,0,1
jeush,8,0,0,8
jeuz,1,0,0,1
jew,10,22,4,36
jew's,0,1,0,1
jewel,3,0,1,4
jeweller,0,0,1,1
jewels,21,0,0,21
jewess,0,2,0,2
jewish,0,1,0,1
jewry,1,2,11,14
jews,68,162,111,341
jews',8,5,5,18
jezaniah,2,0,0,2
jezebel,18,1,0,19
jezebel's,1,0,0,1
jezelus,0,0,2,2
jezer,3,0,0,3
jezerites,1,0,0,1
jeziah,1,0,0,1
jeziel,1,0,0,1
jezliah,1,0,0,1
jezoar,1,0,0,1
jezrahiah,1,0,0,1
jezreel,32,0,0,32
jezreelite,8,0,0,8
jezreelitess,5,0,0,5
jibsam,1,0,0,1
jidlaph,1,0,0,1
jimna,1,0,0,1
jimnah,1,0,0,1
jimnites,1,0,0,1
jiphtah,1,0,0,1
jiphthahel,2,0,0,2
joab,120,0,1,121
joab's,8,0,0,8
joachaz,0,0,1,1
joachim,0,0,2,2
joacim,0,0,13,13
joacim's,0,0,2,2
joadanus,0,0,1,1
joah,10,0,0,10
joahaz,1,0,0,1
joanan,0,0,1,1
joanna,0,3,0,3
joannan,0,0,1,1
joarib,0,0,1,1
joash,43,0,0,43
joatham,0,1,0,1
joazabdus,0,0,1,1
job,52,1,0,53
job's,1,0,0,1
jobab,9,0,0,9
jochebed,2,0,0,2
joda,0,0,1,1
joed,1,0,0,1
joel,19,1,1,21
joelah,1,0,0,1
joezer,1,0,0,1
jogbehah,2,0,0,2
jogli,1,0,0,1
joha,2,0,0,2
johanan,27,0,0,27
johannes,0,0,2,2
john,0,128,14,142
john's,0,2,1,3
joiada,4,0,0,4
joiakim,3,0,0,3
joiarib,5,0,0,5
join,11,3,5,19
joined,32,10,26,68
joining,1,0,2,3
joinings,1,0,1,2
joint,3,1,0,4
joint-heirs,0,1,0,1
joints,4,2,0,6
jokdeam,1,0,0,1
jokim,1,0,0,1
jokmeam,1,0,0,1
jokneam,4,0,0,4
jokshan,3,0,0,3
joktan,6,0,0,6
joktheel,2,0,0,2
jollity,0,0,2,2
jona,0,1,0,1
jonadab,11,0,0,11
jonah,17,0,0,17
jonan,0,1,0,1
jonas,0,10,4,14
jonathan,103,0,98,201
jonathan's,3,0,2,5
jonathas,0,0,1,1
joppa,3,10,13,26
jorah,1,0,0,1
jorai,1,0,0,1
joram,21,1,1,23
jordan,164,15,10,189
joribas,0,0,1,1
joribus,0,0,1,1
jorim,0,1,0,1
jorkoam,1,0,0,1
josabad,1,0,2,3
josaphat,0,1,0,1
josaphias,0,0,1,1
jose,0,1,0,1
josedec,0,0,6,6
josedech,6,0,0,6
joseph,181,33,8,222
joseph's,20,2,0,22
josephus,0,0,1,1
joses,0,6,0,6
joshah,1,0,0,1
joshaphat,1,0,0,1
joshaviah,1,0,0,1
joshbekashah,2,0,0,2
joshua,197,0,1,198
josiah,48,0,0,48
josias,0,2,16,18
josibiah,1,0,0,1
josiphiah,1,0,0,1
jot,0,1,0,1
jotbah,1,0,0,1
jotbath,1,0,0,1
jotbathah,2,0,0,2
jotham,24,0,0,24
journey,40,17,21,78
journeyed,27,4,1,32
journeying,2,1,0,3
journeyings,1,1,0,2
journeys,8,0,0,8
joy,95,60,43,198
joyed,0,1,0,1
joyful,24,1,6,31
joyfully,1,2,0,3
joyfulness,1,1,4,6
joying,0,1,0,1
joyous,3,1,0,4
jozabad,8,0,1,9
jozachar,1,0,0,1
jozadak,5,0,0,5
jubal,1,0,0,1
jubile,20,0,0,20
jucal,1,0,0,1
juda,0,9,22,31
judaea,0,43,0,43
judah,750,1,5,756
judah's,4,0,0,4
judaism,0,0,2,2
judas,0,32,126,158
judas',0,0,8,8
jude,0,1,0,1
judea,1,0,77,78
judge,112,58,35,205
judged,31,30,15,76
judges,47,4,10,61
judges',0,0,1,1
judgest,2,4,3,9
judgeth,6,10,1,17
judging,4,2,1,7
judgment,211,74,59,344
judgments,120,5,12,137
judith,1,0,30,31
judith's,0,0,1,1
juel,0,0,2,2
juice,1,0,0,1
julia,0,1,0,1
julius,0,2,0,2
jumping,1,0,0,1
junia,0,1,0,1
juniper,4,0,0,4
jupiter,0,3,1,4
jurisdiction,0,1,0,1
jushabhesed,1,0,0,1
just,52,35,23,110
justice,28,0,16,44
justices,0,0,1,1
justification,0,3,0,3
justified,12,27,5,44
justifier,0,1,0,1
justifieth,2,2,1,5
justify,7,4,5,16
justifying,2,0,0,2
justle,1,0,0,1
justly,1,2,7,10
justus,0,3,0,3
juttah,2,0,0,2
kabzeel,3,0,0,3
kades,0,0,1,1
kadesh,17,0,0,17
kadeshbarnea,10,0,0,10
kadmiel,8,0,0,8
kadmonites,1,0,0,1
kallai,1,0,0,1
kanah,3,0,0,3
kareah,13,0,0,13
karkaa,1,0,0,1
karkor,1,0,0,1
karnaim,1,0,0,1
kartah,1,0,0,1
kartan,1,0,0,1
kattath,1,0,0,1
kedar,11,0,0,11
kedemah,2,0,0,2
kedemoth,4,0,0,4
kedesh,11,0,0,11
kedeshnaphtali,1,0,0,1
keel,0,0,1,1
keep,292,62,70,424
keeper,19,2,1,22
keepers,15,5,2,22
keepest,3,1,1,5
keepeth,30,12,9,51
keeping,9,3,6,18
kehelathah,2,0,0,2
keilah,16,0,0,16
kelaiah,1,0,0,1
kelita,3,0,0,3
kemuel,3,0,0,3
kenan,1,0,0,1
kenath,2,0,0,2
kenaz,11,0,0,11
kenezite,3,0,0,3
kenite,5,0,0,5
kenites,7,0,0,7
kenizzites,1,0,0,1
kept,127,46,76,249
kerchiefs,2,0,0,2
kerenhappuch,1,0,0,1
kerioth,3,0,0,3
kernels,1,0,0,1
keros,2,0,0,2
kettle,1,0,1,2
keturah,4,0,0,4
key,2,4,0,6
keys,0,2,0,2
kezia,1,0,0,1
keziz,1,0,0,1
kibrothhattaavah,5,0,0,5
kibzaim,1,0,0,1
kick,1,2,0,3
kicked,1,0,0,1
kid,42,1,2,45
kidneys,13,0,0,13
kidron,10,0,0,10
kids,8,0,2,10
kill,74,44,9,127
killed,30,34,17,81
killedst,2,0,0,2
killest,0,2,0,2
killeth,18,3,2,23
killing,4,1,2,7
kin,7,1,0,8
kinah,1,0,0,1
kind,23,9,9,41
kindle,19,0,3,22
kindled,62,3,14,79
kindleth,2,1,1,4
kindling,0,0,1,1
kindly,9,1,3,13
kindness,37,6,4,47
kindred,20,8,16,44
kindreds,3,5,4,12
kinds,8,2,2,12
kine,20,0,1,21
king,1677,79,368,2124
king',0,0,1,1
king's,259,2,65,326
kingdom,166,150,68,384
kingdoms,51,4,9,64
kingly,1,0,0,1
kings,274,30,56,360
kings',3,2,0,5
kinsfolk,1,1,0,2
kinsfolks,2,1,1,4
kinsman,11,2,3,16
kinsman's,1,0,0,1
kinsmen,2,5,1,8
kinswoman,3,0,0,3
kinswomen,1,0,0,1
kir,5,0,0,5
kirharaseth,1,0,0,1
kirhareseth,1,0,0,1
kirharesh,1,0,0,1
kirheres,2,0,0,2
kiriathaim,4,0,0,4
kiriathiarius,0,0,1,1
kirioth,1,0,0,1
kirjath,1,0,0,1
kirjathaim,3,0,0,3
kirjatharba,6,0,0,6
kirjatharim,1,0,0,1
kirjathbaal,2,0,0,2
kirjathhuzoth,1,0,0,1
kirjathjearim,17,0,0,17
kirjathsannah,1,0,0,1
kirjathsepher,4,0,0,4
kish,17,0,0,17
kishi,1,0,0,1
kishion,1,0,0,1
kishon,5,0,0,5
kison,1,0,0,1
kiss,9,10,2,21
kissed,21,5,3,29
kisses,2,0,0,2
kite,2,0,0,2
kithlish,1,0,0,1
kitron,1,0,0,1
kittim,2,0,0,2
knead,2,0,0,2
kneaded,3,0,0,3
kneadingtroughs,2,0,0,2
knee,2,4,1,7
kneel,2,0,0,2
kneeled,2,6,0,8
kneeling,1,2,0,3
knees,26,4,2,32
knew,92,73,32,197
knewest,6,4,0,10
knife,6,0,0,6
knit,3,3,0,6
knives,5,0,0,5
knock,0,4,0,4
knocked,0,1,1,2
knocketh,1,3,0,4
knocking,0,1,0,1
knop,4,0,0,4
knops,8,0,0,8
knots,0,0,1,1
know,442,275,76,793
knowest,64,20,16,100
knoweth,61,39,25,125
knowing,2,49,13,64
knowledge,118,51,50,219
known,131,81,41,253
koa,1,0,0,1
kohath,29,0,0,29
kohathites,15,0,0,15
kolaiah,2,0,0,2
korah,26,0,0,26
korahite,1,0,0,1
korahites,1,0,0,1
korathites,1,0,0,1
kore,4,0,0,4
korhites,4,0,0,4
koz,4,0,0,4
kushaiah,1,0,0,1
laadah,1,0,0,1
laadan,5,0,0,5
laban,44,0,1,45
laban's,4,0,0,4
labana,0,0,1,1
laborious,0,0,1,1
labour,63,24,32,119
laboured,13,6,3,22
labourer,0,2,2,4
labourers,0,8,0,8
labourest,0,0,1,1
laboureth,2,2,4,8
labouring,1,3,6,10
labours,7,5,10,22
lace,4,0,1,5
lacedemonians,0,0,9,9
lachish,22,0,0,22
lack,9,5,2,16
lacked,6,5,0,11
lackest,0,2,0,2
lacketh,4,1,0,5
lacking,5,3,1,9
lacunus,0,0,1,1
lad,26,1,0,27
lad's,1,0,0,1
ladan,0,0,1,1
ladder,1,0,1,2
ladders,0,0,1,1
lade,2,1,0,3
laded,3,1,0,4
laden,3,2,2,7
ladeth,1,0,0,1
ladies,2,0,0,2
lading,1,1,0,2
lads,1,0,0,1
lady,2,2,0,4
lael,1,0,0,1
lahad,1,0,0,1
lahairoi,2,0,0,2
lahmam,1,0,0,1
lahmi,1,0,0,1
laid,188,83,52,323
laidst,1,0,0,1
lain,4,2,1,7
laish,7,0,0,7
lake,0,10,1,11
lakum,1,0,0,1
lama,0,2,0,2
lamb,69,29,2,100
lamb's,0,2,0,2
lambs,79,2,8,89
lame,15,10,1,26
lamech,10,1,0,11
lament,16,2,1,19
lamentable,1,0,1,2
lamentation,22,2,14,38
lamentations,2,0,0,2
lamented,9,2,2,13
lamp,12,1,1,14
lamps,25,6,4,35
lance,1,0,0,1
lances,0,0,1,1
lancets,1,0,0,1
land,1443,47,151,1641
landed,0,2,0,2
landing,0,1,0,1
landmark,4,0,0,4
landmarks,1,0,0,1
lands,40,4,3,47
lanes,0,1,0,1
language,21,1,7,29
languages,7,0,0,7
languish,5,0,1,6
languished,1,0,0,1
languisheth,7,0,0,7
languishing,1,0,0,1
lanterns,0,1,0,1
laodicea,0,5,0,5
laodiceans,0,2,0,2
lap,3,0,0,3
lapidoth,1,0,0,1
lapped,2,0,0,2
lappeth,1,0,0,1
lapwing,2,0,0,2
large,16,5,6,27
largely,0,0,1,1
largeness,1,0,0,1
lasciviousness,0,6,0,6
lasea,0,1,0,1
lasha,1,0,0,1
lasharon,1,0,0,1
last,32,48,35,115
lasted,1,0,0,1
lasthenes,0,0,2,2
lasting,1,0,0,1
latchet,1,3,0,4
late,2,1,2,5
lately,0,1,4,5
latin,0,2,0,2
latter,37,3,5,45
lattice,3,0,0,3
laud,0,1,0,1
laugh,15,2,7,24
laughed,10,3,7,20
laugheth,1,0,0,1
laughing,1,0,1,2
laughingstock,0,0,2,2
laughter,6,1,2,9
launch,0,1,0,1
launched,0,4,0,4
laver,13,0,0,13
lavers,5,0,0,5
lavish,1,0,0,1
law,287,172,140,599
lawful,9,28,8,45
lawfully,0,2,0,2
lawgiver,6,1,0,7
lawless,0,1,1,2
laws,17,2,37,56
laws',0,0,1,1
lawyer,0,3,0,3
lawyers,0,5,0,5
lay,184,48,41,273
layedst,0,1,0,1
layest,2,0,1,3
layeth,15,2,4,21
laying,3,10,1,14
lazarus,0,15,0,15
lead,47,13,11,71
leader,3,0,8,11
leaders,2,1,4,7
leadest,1,0,3,4
leadeth,7,7,6,20
leading,0,0,4,4
leaf,10,0,0,10
league,17,0,10,27
leah,28,0,0,28
leah's,4,0,0,4
lean,11,0,1,12
leaned,5,1,1,7
leaneth,2,0,0,2
leanfleshed,3,0,0,3
leaning,1,2,0,3
leanness,4,0,0,4
leap,8,1,0,9
leaped,4,4,8,16
leaping,2,1,0,3
leapt,0,0,2,2
learn,18,14,9,41
learned,9,10,8,27
learning,6,3,8,17
leasing,2,0,1,3
least,20,17,7,44
leather,1,0,0,1
leathern,0,1,0,1
leave,88,24,35,147
leaved,1,0,0,1
leaven,9,11,0,20
leavened,12,2,0,14
leaveneth,0,2,0,2
leaves,9,5,3,17
leavest,0,0,1,1
leaveth,4,2,5,11
leaving,0,5,4,9
lebana,1,0,0,1
lebanah,1,0,0,1
lebanon,64,0,0,64
lebaoth,1,0,0,1
lebbaeus,0,1,0,1
lebonah,1,0,0,1
lecah,1,0,0,1
led,38,30,21,89
leddest,4,1,0,5
ledges,4,0,0,4
leeks,1,0,0,1
lees,3,0,0,3
left,264,73,86,423
leftest,1,0,1,2
lefthanded,2,0,0,2
leg,1,0,0,1
legion,0,3,0,3
legions,0,1,0,1
legs,16,3,0,19
lehabim,2,0,0,2
lehi,3,0,0,3
leisure,0,1,2,3
lemuel,2,0,0,2
lend,10,3,4,17
lender,2,0,1,3
lendest,0,0,1,1
lendeth,4,0,1,5
length,69,3,6,78
lengthen,2,0,0,2
lengthened,1,0,1,2
lengthening,1,0,0,1
lent,5,0,2,7
lentiles,4,0,0,4
leopard,5,1,1,7
leopards,2,0,0,2
leper,12,4,0,16
lepers,1,5,0,6
leprosy,33,4,0,37
leprous,5,0,0,5
leshem,1,0,0,1
less,20,7,13,40
lesser,3,0,0,3
lesson,0,0,1,1
lest,142,87,49,278
let,919,300,189,1408
letted,0,0,1,1
letter,25,10,7,42
letters,21,11,27,59
lettest,2,1,0,3
letteth,2,1,1,4
letting,1,0,1,2
lettus,0,0,1,1
letushim,1,0,0,1
leummim,1,0,0,1
levi,61,8,3,72
leviathan,4,0,2,6
levis,0,0,1,1
levite,26,2,1,29
levites,236,1,36,273
levitical,0,1,0,1
levy,5,0,0,5
lewd,2,1,3,6
lewdly,1,0,1,2
lewdness,15,1,1,17
liar,5,8,2,15
liars,4,4,3,11
libanus,0,0,6,6
liberal,3,1,1,5
liberality,0,2,1,3
liberally,1,1,2,4
liberties,0,0,1,1
libertines,0,1,0,1
liberty,8,17,14,39
libnah,17,0,0,17
libni,5,0,0,5
libnites,2,0,0,2
library,0,0,1,1
libya,2,1,0,3
libyans,2,0,0,2
lice,4,0,0,4
licence,0,2,4,6
lick,5,0,1,6
licked,3,1,0,4
licketh,1,0,0,1
lid,1,0,0,1
lie,129,24,24,177
lied,3,1,2,6
lien,3,0,0,3
liers,9,0,0,9
lies,50,1,4,55
liest,5,0,0,5
lieth,50,7,14,71
lieutenant,0,0,1,1
lieutenants,4,0,4,8
life,239,170,141,550
lifetime,1,2,0,3
lift,92,8,7,107
lifted,124,25,21,170
lifter,1,0,0,1
liftest,4,0,1,5
lifteth,10,0,3,13
lifting,8,1,3,12
light,159,76,61,296
lighted,11,2,2,15
lighten,5,2,2,9
lightened,2,3,2,7
lighteneth,1,1,1,3
lighter,5,0,0,5
lightest,1,0,0,1
lighteth,2,1,0,3
lighting,1,1,1,3
lightly,6,1,3,10
lightminded,0,0,1,1
lightness,2,1,0,3
lightning,9,4,2,15
lightnings,10,4,4,18
lights,6,4,4,14
lign,1,0,0,1
ligure,2,0,0,2
like,493,88,153,734
liked,1,0,1,2
likeminded,0,3,1,4
liken,4,5,1,10
likened,2,4,3,9
likeness,24,4,4,32
liketh,3,0,2,5
likewise,46,61,18,125
likhi,1,0,0,1
liking,2,0,2,4
lilies,8,2,2,12
lily,5,0,2,7
lime,2,0,0,2
limit,1,0,0,1
limited,1,0,0,1
limiteth,0,1,0,1
line,23,1,0,24
lineage,0,1,0,1
linen,74,16,3,93
lines,2,0,0,2
lingered,2,0,0,2
lingereth,0,1,0,1
lintel,4,0,0,4
lintels,1,0,0,1
linus,0,1,0,1
lion,75,6,13,94
lion's,6,0,2,8
lioness,1,0,0,1
lionesses,1,0,0,1
lionlike,2,0,0,2
lions,36,3,5,44
lions',3,0,2,5
lip,3,0,0,3
lips,112,6,11,129
liquor,2,0,0,2
liquors,1,0,0,1
listed,0,2,0,2
listen,1,0,0,1
listeth,0,2,0,2
litter,0,0,1,1
litters,1,0,0,1
little,146,77,57,280
live,171,60,57,288
lived,49,9,16,74
lively,2,3,1,6
liver,14,0,5,19
lives,20,5,10,35
livest,2,2,3,7
liveth,63,23,15,101
living,99,40,32,171
lizard,1,0,0,1
lo,126,30,35,191
loaden,1,0,0,1
loadeth,1,0,0,1
loaf,2,1,0,3
loammi,1,0,0,1
loan,1,0,0,1
loathe,1,0,0,1
loathed,0,0,1,1
loatheth,2,0,0,2
loathsome,4,0,0,4
loaves,10,20,2,32
lock,2,0,0,2
locked,2,0,0,2
locks,15,0,1,16
locust,10,0,0,10
locusts,12,4,1,17
lod,4,0,0,4
lodebar,3,0,0,3
lodge,23,4,4,31
lodged,14,7,6,27
lodges,0,0,1,1
lodgest,1,0,0,1
lodgeth,0,1,1,2
lodging,4,2,1,7
lodgings,1,0,0,1
loft,1,1,0,2
loftily,1,0,0,1
loftiness,2,0,0,2
lofty,8,0,0,8
log,5,0,0,5
loins,53,8,6,67
lois,0,1,0,1
long,151,50,63,264
longed,6,2,0,8
longedst,1,0,1,2
longer,7,10,12,29
longeth,4,0,0,4
longing,3,0,0,3
longsuffering,4,13,4,21
longwinged,1,0,0,1
look,126,27,50,204
looked,110,32,30,172
lookest,2,0,0,2
looketh,28,4,6,38
looking,6,18,3,27
lookingglass,0,0,1,1
lookingglasses,1,0,0,1
looks,5,0,1,6
loops,7,0,0,7
loose,14,15,0,29
loosed,13,18,2,33
loosened,0,0,1,1
looseth,2,0,0,2
loosing,0,4,0,4
lop,1,0,0,1
lord,6010,657,698,7365
lord's,114,17,4,135
lordly,1,0,0,1
lords,34,6,4,44
lordship,0,2,1,3
loruhamah,2,0,0,2
lose,5,15,4,24
loseth,0,1,1,2
losing,0,0,2,2
loss,4,5,3,12
lost,16,16,14,46
lot,95,7,7,109
lot's,1,1,0,2
lotan,5,0,0,5
lotan's,2,0,0,2
lothasubus,0,0,1,1
lothe,4,0,1,5
lothed,3,0,0,3
lotheth,1,0,0,1
lothing,1,0,0,1
lots,16,5,2,23
loud,27,33,27,87
louder,1,0,0,1
love,124,156,53,333
love's,0,1,0,1
loved,51,38,7,96
lovedst,1,1,2,4
lovely,3,1,0,4
lover,2,1,6,9
lovers,20,2,3,25
loves,2,0,0,2
lovest,7,4,3,14
loveth,34,23,11,68
loving,3,0,5,8
lovingkindness,26,0,2,28
lovingkindnesses,3,0,0,3
lovingly,0,0,2,2
low,37,6,13,56
lower,15,3,1,19
lowering,0,1,0,1
lowest,9,2,1,12
loweth,1,0,0,1
lowing,2,0,0,2
lowliness,0,2,0,2
lowly,5,1,4,10
loyal,0,0,1,1
lozon,0,0,1,1
lubim,1,0,0,1
lubims,2,0,0,2
lucas,0,1,0,1
lucifer,1,0,0,1
lucius,0,2,1,3
lucre,1,4,0,5
lucre's,0,1,0,1
lud,4,0,1,5
ludas,0,0,1,1
ludim,2,0,0,2
luhith,2,0,0,2
luke,0,2,0,2
lukewarm,0,1,0,1
lump,2,5,0,7
lumps,0,0,2,2
lunatick,0,2,0,2
lurk,2,0,0,2
lurking,3,0,0,3
lush,0,0,1,1
lust,5,13,7,25
lusted,2,2,0,4
lusteth,4,2,0,6
lusting,1,0,0,1
lusts,0,24,1,25
lusty,1,0,0,1
luz,7,0,0,7
lycaonia,0,2,0,2
lycia,0,1,1,2
lydda,0,3,1,4
lydia,1,2,1,4
lydians,1,0,0,1
lying,46,11,5,62
lysanias,0,1,0,1
lysias,0,3,23,26
lysimachus,0,0,5,5
lystra,0,6,0,6
maacah,3,0,0,3
maachah,18,0,0,18
maachathi,1,0,0,1
maachathite,4,0,0,4
maachathites,3,0,0,3
maadai,1,0,0,1
maadiah,1,0,0,1
maai,1,0,0,1
maalehacrabbim,1,0,0,1
maani,0,0,1,1
maarath,1,0,0,1
maaseiah,25,0,0,25
maasiai,1,0,0,1
maasias,0,0,1,1
maath,0,1,0,1
maaz,1,0,0,1
maaziah,2,0,0,2
mabdai,0,0,1,1
macalon,0,0,1,1
maccabeis,0,0,1,1
maccabeus,0,0,28,28
maccabeus',0,0,2,2
macedonia,0,23,0,23
macedonian,0,1,3,4
macedonians,0,0,2,2
machbanai,1,0,0,1
machbenah,1,0,0,1
machi,1,0,0,1
machir,20,0,0,20
machirites,1,0,0,1
machmas,0,0,1,1
machnadebai,1,0,0,1
machpelah,6,0,0,6
macron,0,0,1,1
mad,15,6,2,23
madai,2,0,0,2
made,1044,266,338,1648
madest,8,2,8,18
madiabun,0,0,1,1
madian,0,1,1,2
madmannah,2,0,0,2
madmen,1,0,0,1
madmenah,1,0,0,1
madness,7,2,3,12
madon,2,0,0,2
maelus,0,0,1,1
magbish,1,0,0,1
magdala,0,1,0,1
magdalene,0,12,0,12
magdiel,2,0,0,2
maged,0,0,1,1
magician,1,0,0,1
magicians,14,0,0,14
magick,0,0,1,1
magiddo,0,0,1,1
magistrate,1,1,0,2
magistrates,1,7,0,8
magnifical,1,0,0,1
magnificence,0,1,1,2
magnified,18,3,8,29
magnifieth,0,0,1,1
magnify,16,3,9,28
magog,4,1,0,5
magormissabib,1,0,0,1
magpiash,1,0,0,1
mahalah,1,0,0,1
mahalaleel,7,0,0,7
mahalath,2,0,0,2
mahali,1,0,0,1
mahanaim,13,0,0,13
mahanehdan,1,0,0,1
maharai,3,0,0,3
mahath,3,0,0,3
mahavite,1,0,0,1
mahazioth,2,0,0,2
mahershalalhashbaz,2,0,0,2
mahlah,4,0,0,4
mahli,10,0,0,10
mahlites,2,0,0,2
mahlon,3,0,0,3
mahlon's,1,0,0,1
mahol,1,0,0,1
maianeas,0,0,1,1
maid,30,6,18,54
maid's,1,0,0,1
maiden,7,1,0,8
maidens,17,1,0,18
maids,8,1,8,17
maidservant,15,0,0,15
maidservant's,1,0,0,1
maidservants,9,0,2,11
maidservants',1,0,0,1
mail,2,0,1,3
maimed,1,6,5,12
mainsail,0,1,0,1
maintain,8,2,3,13
maintained,1,0,0,1
maintainest,1,0,0,1
maintaineth,0,0,1,1
maintenance,2,0,1,3
majesty,25,4,13,42
makaz,1,0,0,1
make,834,141,147,1122
maked,0,0,1,1
maker,18,1,6,25
makers,1,0,0,1
makest,20,6,3,29
maketh,97,20,43,160
makheloth,2,0,0,2
making,17,13,16,46
makkedah,8,0,0,8
maktesh,1,0,0,1
malachi,1,0,0,1
malachy,0,0,1,1
malcham,2,0,0,2
malchiah,9,0,0,9
malchiel,3,0,0,3
malchielites,1,0,0,1
malchijah,6,0,0,6
malchiram,1,0,0,1
malchishua,3,0,0,3
malchus,0,1,0,1
male,41,4,0,45
malefactor,0,1,0,1
malefactors,0,3,0,3
maleleel,0,1,0,1
males,32,0,3,35
malice,0,6,9,15
malicious,0,1,5,6
maliciously,0,0,3,3
maliciousness,0,2,0,2
malign,0,0,1,1
maligned,0,0,1,1
malignity,0,1,1,2
mallos,0,0,1,1
mallothi,2,0,0,2
mallows,1,0,0,1
malluch,6,0,0,6
mamaias,0,0,1,1
mammon,0,4,0,4
mamnitanaimus,0,0,1,1
mamre,10,0,0,10
mamuchus,0,0,1,1
man,1547,783,417,2747
man',0,0,1,1
man's,82,38,28,148
manacles,0,0,1,1
manaen,0,1,0,1
manage,0,0,1,1
managed,0,0,1,1
manahath,3,0,0,3
manahethites,2,0,0,2
manasseas,0,0,1,1
manasseh,132,0,0,132
manasseh's,4,0,0,4
manasses,0,2,8,10
manassites,3,0,0,3
mandate,0,0,1,1
mandrakes,4,0,0,4
maneh,1,0,0,1
manfully,0,0,11,11
manger,0,3,0,3
mangled,0,0,2,2
mani,0,0,1,1
manifest,1,36,14,51
manifestation,0,3,2,5
manifested,0,9,1,10
manifestly,0,1,3,4
manifold,4,4,3,11
mankind,3,3,3,9
manliness,0,0,3,3
manlius,0,0,1,1
manly,0,0,2,2
manna,12,5,2,19
manner,129,56,52,237
manners,3,3,4,10
manners',0,0,1,1
manoah,14,0,0,14
manservant,11,0,0,11
manservant's,1,0,0,1
manservants,1,0,0,1
mansions,0,1,0,1
manslaughter,0,0,2,2
manslayer,2,0,0,2
manslayers,0,1,0,1
mantle,13,0,0,13
mantles,1,0,0,1
many,259,266,174,699
maoch,1,0,0,1
maon,5,0,0,5
maonites,1,0,0,1
mar,6,0,1,7
mara,1,0,0,1
marah,3,0,0,3
maralah,1,0,0,1
maranatha,0,1,0,1
marble,3,1,0,4
march,5,0,0,5
marched,1,0,8,9
marchedst,1,0,0,1
marching,0,0,1,1
marcus,0,3,0,3
mardocheus,0,0,10,10
mardocheus',0,0,1,1
mareshah,8,0,0,8
marimoth,0,0,1,1
mariners,5,0,0,5
marisa,0,0,1,1
marishes,1,0,0,1
mark,20,16,7,43
marked,5,1,0,6
markest,1,0,0,1
market,4,3,1,8
marketh,2,0,0,2
marketplace,0,3,1,4
marketplaces,0,1,1,2
markets,0,4,0,4
marks,1,1,1,3
marmoth,0,0,1,1
maroth,1,0,0,1
marred,4,1,0,5
marriage,2,16,11,29
marriages,3,0,2,5
married,17,11,12,40
marrieth,1,2,0,3
marrow,4,1,0,5
marry,4,15,7,26
marrying,1,1,1,3
mars',0,1,0,1
marsena,1,0,0,1
marsh,0,0,2,2
mart,1,0,0,1
martha,0,12,0,12
martyr,0,2,0,2
martyrs,0,1,0,1
marvel,1,10,5,16
marvelled,2,21,7,30
marvelleth,0,0,2,2
marvellous,16,6,12,34
marvellously,2,0,1,3
marvelously,1,0,0,1
marvels,1,0,0,1
mary,0,46,0,46
masaloth,0,0,1,1
mash,1,0,0,1
mashal,1,0,0,1
masias,0,0,1,1
masman,0,0,1,1
masons,7,0,1,8
maspha,0,0,2,2
masrekah,2,0,0,2
mass,0,0,1,1
massa,2,0,0,2
massacre,0,0,1,1
massah,4,0,0,4
massias,0,0,1,1
mast,2,0,0,2
master,77,68,7,152
master's,20,1,0,21
masterbuilder,0,1,0,1
masteries,0,1,0,1
mastering,0,0,1,1
masters,5,14,1,20
masters',1,1,0,2
mastery,2,1,0,3
mastick,0,0,1,1
masts,1,0,0,1
mate,2,0,0,2
mathanias,0,0,1,1
mathusala,0,1,0,1
matred,2,0,0,2
matri,1,0,0,1
matrix,5,0,0,5
mattan,3,0,0,3
mattanah,2,0,0,2
mattaniah,16,0,0,16
mattatha,0,1,0,1
mattathah,1,0,0,1
mattathias,0,2,15,17
mattenai,3,0,0,3
matter,61,15,36,112
matters,16,6,8,30
matthan,0,1,0,1
matthanias,0,0,1,1
matthat,0,2,0,2
matthelas,0,0,1,1
matthew,0,5,0,5
matthias,0,2,1,3
mattithiah,8,0,0,8
mattock,2,0,0,2
mattocks,2,0,0,2
maul,1,0,0,1
maw,1,0,0,1
may,670,261,149,1080
mayest,96,11,13,120
mazitias,0,0,1,1
mazzaroth,1,0,0,1
me,2413,667,330,3410
meadow,2,0,0,2
meadows,1,0,1,2
meah,2,0,0,2
meal,10,2,0,12
mealtime,1,0,0,1
mean,13,9,11,33
meanest,4,0,1,5
meaneth,5,3,0,8
meani,0,0,1,1
meaning,1,2,4,7
meanly,0,0,1,1
means,13,22,18,53
meant,1,2,2,5
mearah,1,0,0,1
measurably,0,0,1,1
measure,38,24,6,68
measured,39,5,3,47
measures,31,5,2,38
measuring,9,1,0,10
meat,220,54,26,300
meats,1,6,9,16
mebunnai,1,0,0,1
mecherathite,1,0,0,1
medaba,0,0,1,1
medad,2,0,0,2
medan,2,0,0,2
meddle,6,0,4,10
meddled,1,0,0,1
meddleth,1,0,0,1
meddling,2,0,0,2
mede,1,0,0,1
medeba,5,0,0,5
medes,13,1,4,18
media,6,0,16,22
median,1,0,0,1
mediator,0,6,0,6
medicine,2,0,2,4
medicines,2,0,1,3
meditate,12,2,3,17
meditation,6,0,1,7
meditations,0,0,1,1
meeda,0,0,1,1
meek,12,4,3,19
meekness,2,12,7,21
meet,104,23,33,160
meetest,2,0,1,3
meeteth,3,0,1,4
meeting,2,0,1,3
megiddo,11,0,0,11
megiddon,1,0,0,1
mehetabeel,1,0,0,1
mehetabel,2,0,0,2
mehida,2,0,0,2
mehir,1,0,0,1
meholathite,2,0,0,2
mehujael,1,0,0,1
mehuman,1,0,0,1
mehunim,1,0,0,1
mehunims,1,0,0,1
mejarkon,1,0,0,1
mekonah,1,0,0,1
melatiah,1,0,0,1
melchi,0,2,0,2
melchiah,1,0,0,1
melchias,0,0,3,3
melchiel,0,0,1,1
melchisedec,0,9,0,9
melchishua,2,0,0,2
melchizedek,2,0,0,2
melea,0,1,0,1
melech,2,0,0,2
melicu,1,0,0,1
melita,0,1,0,1
melodious,0,0,1,1
melody,3,1,5,9
melons,1,0,0,1
melt,14,2,5,21
melted,12,0,3,15
melteth,7,0,0,7
melting,1,0,0,1
melzar,2,0,0,2
member,1,4,2,7
members,2,22,4,28
memmius,0,0,1,1
memorial,28,3,23,54
memory,5,1,6,12
memphis,1,0,1,2
memucan,3,0,0,3
men,1126,363,371,1860
men's,14,10,12,36
menahem,8,0,0,8
menan,0,1,0,1
menchildren,1,0,0,1
mend,1,0,0,1
mending,0,2,0,2
mene,2,0,0,2
menelans,0,0,16,16
menestheus,0,0,1,1
menpleasers,0,2,0,2
menservants,9,1,5,15
menstealers,0,1,0,1
menstruous,3,0,3,6
mention,18,5,1,24
mentioned,7,0,0,7
meonenim,1,0,0,1
meonothai,1,0,0,1
mephaath,4,0,0,4
mephibosheth,13,0,0,13
merab,3,0,0,3
meraiah,1,0,0,1
meraioth,7,0,0,7
meran,0,0,1,1
merari,38,0,2,40
merarites,1,0,0,1
merathaim,1,0,0,1
merchandise,14,5,2,21
merchant,11,1,2,14
merchantmen,2,0,0,2
merchants,22,4,3,29
merchants',1,0,1,2
mercies,35,5,6,46
mercies',4,0,0,4
merciful,31,5,30,66
mercifully,0,0,1,1
mercifulness,0,0,1,1
merciless,0,0,1,1
mercurius,0,1,0,1
mercy,208,53,91,352
mercyseat,0,1,0,1
mered,2,0,0,2
meremoth,6,0,1,7
meres,1,0,0,1
meribah,6,0,0,6
meribahkadesh,1,0,0,1
meribbaal,2,0,0,2
merodach,1,0,0,1
merodachbaladan,1,0,0,1
merom,2,0,0,2
meronothite,2,0,0,2
meroz,1,0,0,1
merrily,1,0,0,1
merry,21,7,11,39
merryhearted,1,0,0,1
meruth,0,0,1,1
mesech,1,0,0,1
mesha,4,0,0,4
meshach,14,0,0,14
meshech,8,0,0,8
meshelemiah,4,0,0,4
meshezabeel,3,0,0,3
meshillemith,1,0,0,1
meshillemoth,2,0,0,2
meshobab,1,0,0,1
meshullam,25,0,0,25
meshullemeth,1,0,0,1
mesobaite,1,0,0,1
mesopotamia,5,2,4,11
mess,2,0,0,2
message,4,3,2,9
messenger,27,5,1,33
messengers,70,4,7,81
messes,1,0,1,2
messiah,2,0,0,2
messias,0,2,0,2
met,27,18,19,64
mete,3,3,0,6
meted,3,0,0,3
meterus,0,0,1,1
meteyard,1,0,0,1
methegammah,1,0,0,1
methusael,1,0,0,1
methuselah,6,0,0,6
meunim,1,0,0,1
mezahab,2,0,0,2
miamin,2,0,0,2
mibhar,1,0,0,1
mibsam,3,0,0,3
mibzar,2,0,0,2
micah,27,0,0,27
micah's,3,0,0,3
micaiah,18,0,0,18
mice,4,0,0,4
micha,4,0,1,5
michael,13,2,1,16
michah,2,0,0,2
michaiah,7,0,0,7
michal,17,0,0,17
micheas,0,0,1,1
michmas,2,0,0,2
michmash,9,0,0,9
michmethah,2,0,0,2
michri,1,0,0,1
midday,2,1,1,4
middin,1,0,0,1
middle,15,1,1,17
middlemost,2,0,0,2
midian,38,0,0,38
midianite,1,0,0,1
midianites,24,0,0,24
midianitish,3,0,0,3
midland,0,0,1,1
midnight,7,6,1,14
midst,306,44,47,397
midwife,3,0,0,3
midwives,6,0,0,6
migdalel,1,0,0,1
migdalgad,1,0,0,1
migdol,4,0,0,4
might,218,221,139,578
mightest,11,7,4,22
mightier,10,3,3,16
mighties,2,0,0,2
mightiest,1,0,1,2
mightily,7,4,4,15
mighty,240,37,64,341
migron,2,0,0,2
mijamin,2,0,0,2
mikloth,4,0,0,4
mikneiah,2,0,0,2
milalai,1,0,0,1
milcah,10,0,0,10
milch,3,0,0,3
milcom,3,0,0,3
mildew,5,0,0,5
mildness,0,0,2,2
mile,0,1,0,1
miletum,0,1,0,1
miletus,0,2,0,2
milk,43,5,5,53
mill,1,1,0,2
millet,1,0,0,1
millions,1,0,0,1
millo,9,0,0,9
mills,1,0,0,1
millstone,4,5,0,9
millstones,2,0,0,2
mincing,1,0,0,1
mind,38,54,68,160
minded,3,10,2,15
mindful,6,4,7,17
minding,0,1,0,1
minds,5,11,6,22
mine,533,54,46,633
mines,0,0,1,1
mingle,2,0,1,3
mingled,47,5,2,54
mingling,0,0,1,1
miniamin,3,0,0,3
minish,1,0,0,1
minished,1,0,0,1
minister,65,33,6,104
ministered,18,19,2,39
ministereth,0,2,0,2
ministering,2,7,0,9
ministers,15,9,6,30
ministration,0,6,0,6
ministry,4,18,2,24
minni,1,0,0,1
minnith,2,0,0,2
minstrel,1,0,0,1
minstrels,0,1,0,1
mint,0,2,0,2
miphkad,1,0,0,1
miracle,1,9,0,10
miracles,4,23,0,27
miraculously,0,0,1,1
mire,13,1,0,14
miriam,13,0,0,13
mirma,1,0,0,1
mirror,0,0,1,1
mirth,15,0,6,21
miry,4,0,0,4
misael,0,0,3,3
misbehave,0,0,1,1
miscarry,0,0,1,1
miscarrying,1,0,0,1
mischief,45,1,11,57
mischiefs,3,0,0,3
mischievous,5,0,4,9
misconceive,0,0,1,1
miserable,1,2,9,12
miserably,0,1,0,1
miseries,1,1,3,5
misery,6,1,8,15
misgab,1,0,0,1
mishael,8,0,0,8
mishal,1,0,0,1
misham,1,0,0,1
misheal,1,0,0,1
mishma,4,0,0,4
mishmannah,1,0,0,1
mishraites,1,0,0,1
misinformed,0,0,1,1
mispereth,1,0,0,1
misrephothmaim,2,0,0,2
miss,2,0,2,4
missed,3,0,0,3
missing,2,0,1,3
mist,1,2,2,5
mistress,9,0,0,9
misused,1,0,0,1
mite,0,1,0,1
mites,0,2,0,2
mithcah,2,0,0,2
mithnite,1,0,0,1
mithredath,2,0,0,2
mithridates,0,0,2,2
mitigated,0,0,1,1
mitre,9,0,1,10
mitres,0,0,1,1
mitylene,0,1,0,1
mixed,7,1,2,10
mixt,1,0,0,1
mixture,1,2,0,3
mizar,1,0,0,1
mizpah,21,0,0,21
mizpar,1,0,0,1
mizpeh,21,0,0,21
mizraim,4,0,0,4
mizzah,3,0,0,3
mnason,0,1,0,1
moab,151,0,6,157
moabite,3,0,0,3
moabites,18,0,2,20
moabitess,6,0,0,6
moabitish,1,0,0,1
moadiah,1,0,0,1
moan,0,0,1,1
mochmur,0,0,1,1
mock,9,3,1,13
mocked,11,10,3,24
mocker,1,0,0,1
mockers,4,1,0,5
mockery,0,0,2,2
mockest,1,0,0,1
mocketh,5,0,0,5
mocking,2,3,3,8
mockings,0,1,0,1
moderate,0,0,1,1
moderately,1,0,1,2
moderation,0,1,0,1
modest,0,1,1,2
modin,0,0,9,9
moeth,0,0,1,1
moist,1,0,2,3
moistened,1,0,0,1
moisture,1,1,0,2
moladah,4,0,0,4
mole,1,0,0,1
molech,8,0,0,8
moles,1,0,0,1
molest,0,0,2,2
molested,0,0,1,1
moli,0,0,1,1
molid,1,0,0,1
mollified,1,0,0,1
mollifying,0,0,1,1
moloch,1,1,0,2
molten,39,0,1,40
momdis,0,0,1,1
moment,19,3,5,27
money,101,22,45,168
moneychangers,0,2,0,2
monsters,1,0,1,2
monstrous,0,0,1,1
month,183,4,45,232
monthly,1,0,0,1
months,41,16,9,66
monument,0,0,3,3
monuments,1,0,0,1
moon,41,10,10,61
moons,11,0,4,15
moosias,0,0,1,1
morasthite,2,0,0,2
mordecai,51,0,0,51
mordecai's,2,0,0,2
more,424,206,140,770
moreh,3,0,0,3
moreover,153,17,50,220
moreshethgath,1,0,0,1
morever,1,0,0,1
moriah,2,0,0,2
morning,197,17,21,235
morrow,78,22,7,107
morsel,9,1,0,10
morsels,1,0,0,1
mortal,1,5,7,13
mortality,0,1,0,1
mortally,1,0,0,1
mortar,2,0,0,2
morter,11,0,0,11
mortgaged,1,0,0,1
mortify,0,2,1,3
mosera,1,0,0,1
moseroth,2,0,0,2
moses,698,76,30,804
moses',13,3,0,16
mosollam,0,0,1,1
mosollamon,0,0,1,1
most,111,21,116,248
mote,0,5,0,5
moth,7,3,3,13
motheaten,0,1,0,1
mother,148,78,45,271
mother's,63,7,7,77
mothers,4,3,0,7
mothers',1,0,0,1
moths,0,0,1,1
motion,0,0,3,3
motions,0,1,0,1
mould,0,0,1,1
mouldy,2,0,0,2
mount,215,21,18,254
mountain,101,28,16,145
mountains,155,13,38,206
mounted,1,0,0,1
mounting,1,0,0,1
mounts,3,0,1,4
mourn,38,6,11,55
mourned,18,4,9,31
mourner,1,0,0,1
mourners,4,0,0,4
mourneth,11,0,0,11
mournfully,1,0,0,1
mourning,44,4,23,71
mournings,0,0,2,2
mouse,2,0,0,2
mouth,330,66,67,463
mouths,14,5,5,24
move,10,3,3,16
moveable,1,0,1,2
moved,56,18,21,95
movedst,1,0,1,2
mover,0,1,0,1
moveth,8,0,0,8
moving,4,1,2,7
mower,1,0,0,1
mowings,1,0,0,1
mown,1,0,0,1
moza,5,0,0,5
mozah,1,0,0,1
much,151,125,122,398
mufflers,1,0,0,1
mulberries,0,0,1,1
mulberry,4,0,0,4
mule,7,0,1,8
mules,11,0,1,12
mules',1,0,0,1
multiplied,35,8,12,55
multipliedst,1,0,0,1
multiplieth,3,0,2,5
multiply,40,2,8,50
multiplying,1,1,1,3
multitude,146,87,102,335
multitudes,2,21,3,26
munition,2,0,1,3
munitions,1,0,0,1
muppim,1,0,0,1
murder,4,5,1,10
murdered,0,0,2,2
murderer,10,5,2,17
murderers,3,6,2,11
murders,0,4,1,5
murmur,6,2,2,10
murmured,10,9,3,22
murmurers,0,1,0,1
murmuring,0,2,2,4
murmurings,7,1,1,9
murrain,1,0,0,1
muse,1,0,0,1
mused,0,1,1,2
museth,0,0,1,1
mushi,8,0,0,8
mushites,2,0,0,2
musical,3,0,3,6
musician,0,0,1,1
musicians,0,1,0,1
musick,15,1,8,24
musing,1,0,0,1
must,45,81,19,145
mustard,0,5,0,5
mustered,2,0,1,3
mustereth,1,0,0,1
muted,0,0,1,1
mutter,1,0,0,1
muttered,1,0,0,1
mutual,0,1,0,1
muzzle,1,2,0,3
my,2578,496,367,3441
myndus,0,0,1,1
myra,0,1,0,1
myrrh,13,3,1,17
myrtle,6,0,0,6
myself,70,44,19,133
mysia,0,2,0,2
mysteries,0,5,4,9
mystery,0,22,0,22
naam,1,0,0,1
naamah,5,0,0,5
naaman,13,1,0,14
naaman's,1,0,0,1
naamathite,4,0,0,4
naamites,1,0,0,1
naarah,2,0,0,2
naarai,1,0,0,1
naaran,1,0,0,1
naarath,1,0,0,1
naashon,1,0,0,1
naasson,0,2,0,2
naathus,0,0,1,1
nabal,15,0,0,15
nabal's,4,0,0,4
nabarias,0,0,1,1
nabathites,0,0,2,2
naboth,18,0,0,18
nabuchodonosor,0,0,34,34
nachon's,1,0,0,1
nachor,1,1,0,2
nadab,20,0,0,20
nadabatha,0,0,1,1
nagge,0,1,0,1
nahalal,1,0,0,1
nahaliel,1,0,0,1
nahallal,1,0,0,1
nahalol,1,0,0,1
naham,1,0,0,1
nahamani,1,0,0,1
naharai,1,0,0,1
nahari,1,0,0,1
nahash,8,0,0,8
nahath,5,0,0,5
nahbi,1,0,0,1
nahor,15,0,0,15
nahor's,2,0,0,2
nahshon,8,0,0,8
nahum,1,0,1,2
naidus,0,0,1,1
nail,7,0,1,8
nailing,0,1,0,1
nails,8,1,0,9
nain,0,1,0,1
naioth,5,0,0,5
naked,30,15,4,49
nakedness,40,3,0,43
name,673,159,102,934
name's,19,11,2,32
named,15,42,8,65
namely,20,3,13,36
names,76,11,6,93
nameth,0,1,1,2
naming,0,0,1,1
nanea,0,0,2,2
nanea's,0,0,1,1
naomi,19,0,0,19
naomi's,1,0,0,1
naphish,2,0,0,2
naphisi,0,0,1,1
naphtali,47,0,0,47
naphthar,0,0,1,1
naphtuhim,2,0,0,2
napkin,0,3,0,3
narcissus,0,1,0,1
narrations,0,0,1,1
narrow,8,1,5,14
narrowed,1,0,0,1
narrower,1,0,0,1
narrowly,2,0,0,2
nasbas,0,0,1,1
nasith,0,0,1,1
nasor,0,0,1,1
nathan,38,1,2,41
nathanael,0,6,3,9
nathanias,0,0,1,1
nathanmelech,1,0,0,1
nation,99,28,74,201
nations,284,37,63,384
native,1,0,0,1
nativity,7,0,2,9
natural,1,11,0,12
naturally,0,2,0,2
nature,0,11,6,17
natures,0,0,1,1
naught,2,0,0,2
naughtiness,2,1,1,4
naughty,3,0,1,4
naum,0,1,0,1
nave,0,0,1,1
navel,4,0,0,4
naves,1,0,0,1
navigable,0,0,1,1
navy,4,0,3,7
nay,32,18,1,51
nazarene,0,1,0,1
nazarenes,0,1,0,1
nazareth,0,29,0,29
nazarite,9,0,0,9
nazarites,3,0,1,4
neah,1,0,0,1
neapolis,0,1,0,1
near,180,20,41,241
nearer,1,1,0,2
nearest,0,0,1,1
neariah,3,0,0,3
nebai,1,0,0,1
nebaioth,2,0,0,2
nebajoth,3,0,0,3
neballat,1,0,0,1
nebat,25,0,1,26
nebo,13,0,0,13
nebuchadnezzar,57,0,0,57
nebuchadrezzar,31,0,0,31
nebushasban,1,0,0,1
nebuzaradan,15,0,0,15
necessary,1,8,8,17
necessities,0,3,1,4
necessity,0,10,5,15
necho,3,0,0,3
neck,54,6,14,74
necks,16,1,1,18
necodan,0,0,1,1
necromancer,1,0,0,1
nedabiah,1,0,0,1
need,6,41,23,70
needed,0,2,1,3
needest,0,1,0,1
needeth,1,5,2,8
needful,1,5,2,8
needle,0,2,0,2
needle's,0,1,0,1
needlework,8,0,0,8
needs,6,10,3,19
needy,37,0,5,42
neemias,0,0,9,9
neesings,1,0,0,1
neglect,0,3,3,6
neglected,0,1,1,2
neglecting,0,1,1,2
negligent,1,1,2,4
nehelamite,3,0,0,3
nehemiah,8,0,0,8
nehemias,0,0,2,2
nehum,1,0,0,1
nehushta,1,0,0,1
nehushtan,1,0,0,1
neiel,1,0,0,1
neighbor,0,0,2,2
neighbour,84,16,23,123
neighbour's,24,0,3,27
neighbours,16,5,9,30
neighbours',1,0,0,1
neighed,1,0,0,1
neigheth,0,0,1,1
neighing,1,0,0,1
neighings,1,0,0,1
neither,606,196,175,977
nekeb,1,0,0,1
nekoda,4,0,0,4
nemuel,3,0,0,3
nemuelites,1,0,0,1
nepheg,4,0,0,4
nephew,2,0,0,2
nephews,1,1,0,2
nephi,0,0,1,1
nephis,0,0,1,1
nephish,1,0,0,1
nephishesim,1,0,0,1
nephthali,0,0,4,4
nephthalim,0,3,1,4
nephtoah,2,0,0,2
nephusim,1,0,0,1
ner,16,0,0,16
nereus,0,1,0,1
nergal,1,0,0,1
nergalsharezer,2,0,0,2
neri,0,1,0,1
neriah,10,0,0,10
nerias,0,0,1,1
nest,15,0,0,15
nests,2,2,0,4
net,29,8,0,37
nethaneel,14,0,0,14
nethaniah,20,0,0,20
nether,15,0,0,15
nethermost,1,0,0,1
nethinims,16,0,0,16
netophah,2,0,1,3
netophathi,1,0,0,1
netophathite,7,0,0,7
netophathites,2,0,0,2
nets,7,6,0,13
nettles,5,0,0,5
network,7,0,0,7
networks,3,0,0,3
never,47,36,58,141
nevertheless,64,32,38,134
neverthless,0,1,0,1
new,84,47,18,149
newborn,0,1,0,1
newly,2,0,3,5
newness,0,2,0,2
news,1,0,1,2
next,34,19,14,67
neziah,2,0,0,2
nezib,1,0,0,1
nibhaz,1,0,0,1
nibshan,1,0,0,1
nicanor,0,1,29,30
nicanor's,0,0,10,10
nicanors,0,0,1,1
nicodemus,0,5,0,5
nicolaitanes,0,2,0,2
nicolas,0,1,0,1
nicopolis,0,1,0,1
niger,0,1,0,1
niggard,0,0,3,3
niggardness,0,0,1,1
nigh,54,44,13,111
night,235,61,58,354
nights,15,2,3,20
nimrah,1,0,0,1
nimrim,2,0,0,2
nimrod,4,0,0,4
nimshi,5,0,0,5
nine,44,5,14,63
nineteen,3,0,0,3
nineteenth,4,0,0,4
ninety,20,4,1,25
nineve,0,1,15,16
nineveh,16,1,0,17
ninevites,0,1,1,2
ninth,23,10,6,39
nisan,2,0,2,4
nisroch,2,0,0,2
nitre,2,0,0,2
no,877,439,293,1609
noadiah,2,0,0,2
noah,42,3,2,47
noah's,2,0,0,2
nob,6,0,0,6
nobah,2,0,0,2
nobility,0,0,2,2
noble,3,4,8,15
nobleman,0,3,1,4
nobles,30,0,4,34
noblest,0,0,1,1
nod,1,0,0,1
nodab,1,0,0,1
noe,0,5,1,6
noeba,0,0,1,1
nogah,2,0,0,2
nohah,1,0,0,1
noise,67,3,20,90
noised,1,3,1,5
noises,0,0,1,1
noisome,3,1,1,5
nomades,0,0,1,1
non,1,0,0,1
none,276,65,58,399
noon,14,1,3,18
noonday,7,0,0,7
noontide,1,0,0,1
noph,7,0,0,7
nophah,1,0,0,1
nor,498,98,118,714
north,122,3,4,129
northern,2,0,1,3
northward,24,0,0,24
nose,12,0,0,12
noses,2,0,1,3
nostrils,15,0,1,16
not,3845,1735,999,6579
notable,2,3,3,8
notably,0,0,1,1
note,1,2,1,4
noted,1,0,0,1
notes,0,0,1,1
nothing,109,112,61,282
notice,1,1,0,2
notified,0,0,1,1
notwithstanding,23,13,5,41
nought,24,11,12,47
nourish,5,0,7,12
nourished,4,6,8,18
nourisher,1,0,0,1
nourisheth,0,1,4,5
nourishing,1,0,0,1
nourishment,0,1,0,1
novice,0,1,0,1
now,925,396,371,1692
number,145,21,52,218
numbered,110,5,5,120
numberest,2,0,0,2
numbering,2,0,0,2
numbers,3,0,0,3
numenius,0,0,4,4
nun,29,0,0,29
nurse,8,1,2,11
nursed,2,0,2,4
nursing,2,0,0,2
nurture,0,1,2,3
nurtured,0,0,3,3
nurturedst,0,0,1,1
nurtureth,0,0,1,1
nuts,2,0,0,2
nymphas,0,1,0,1
o,920,55,214,1189
oak,14,0,1,15
oaks,6,0,0,6
oar,1,0,0,1
oars,2,0,0,2
oath,43,11,11,65
oath's,0,2,0,2
oaths,2,1,5,8
obadiah,19,0,0,19
obal,1,0,0,1
obdia,0,0,1,1
obed,9,2,0,11
obededom,15,0,0,15
obedience,0,12,0,12
obedient,8,8,11,27
obeisance,9,0,0,9
obeth,0,0,1,1
obey,42,24,10,76
obeyed,34,7,5,46
obeyedst,2,0,0,2
obeyeth,3,0,2,5
obeying,2,1,0,3
obil,1,0,0,1
object,0,1,0,1
objecteth,0,0,1,1
oblation,30,0,1,31
oblations,5,0,5,10
oboth,4,0,0,4
obscure,1,0,1,2
obscurity,3,0,1,4
observation,0,1,0,1
observe,46,6,7,59
observed,8,2,2,12
observer,1,0,0,1
observers,1,0,0,1
observest,1,0,0,1
observeth,1,0,0,1
obstinate,2,0,1,3
obtain,5,10,9,24
obtained,6,20,7,33
obtaineth,2,0,1,3
obtaining,0,1,1,2
occasion,10,9,6,25
occasioned,1,0,0,1
occasions,3,0,0,3
occupation,3,2,0,5
occupied,6,1,5,12
occupiers,1,0,0,1
occupieth,0,1,1,2
occupy,1,1,1,3
occurrent,1,0,0,1
ochiel,0,0,1,1
ocidelus,0,0,1,1
ocina,0,0,1,1
ocran,5,0,0,5
odd,1,0,0,1
oded,3,0,0,3
odious,2,0,1,3
odollam,0,0,1,1
odonarkes,0,0,1,1
odour,0,2,1,3
odours,5,2,1,8
of,14229,3893,3135,21257
off,419,59,50,528
offence,3,15,9,27
offences,1,5,1,7
offend,7,16,9,32
offended,8,16,7,31
offender,1,1,0,2
offenders,1,0,0,1
offendeth,0,0,2,2
offending,0,0,1,1
offer,197,16,17,230
offered,108,27,27,162
offereth,15,0,3,18
offering,494,10,19,523
offerings,205,5,18,228
office,37,8,5,50
officer,9,2,1,12
officers,48,10,10,68
offices,5,0,1,6
offscouring,1,1,0,2
offspring,9,3,4,16
oft,3,9,3,15
often,2,12,4,18
oftener,0,1,0,1
oftentimes,2,4,3,9
ofttimes,0,3,2,5
og,22,0,0,22
oh,37,0,1,38
ohad,2,0,0,2
ohel,1,0,0,1
oil,176,11,6,193
oiled,2,0,0,2
ointment,14,11,3,28
ointments,3,2,2,7
olamus,0,0,1,1
old,299,47,52,398
oldness,0,1,0,1
olive,30,4,3,37
olives,3,11,1,15
olivet,1,1,0,2
oliveyard,1,0,0,1
oliveyards,5,0,0,5
olympas,0,1,0,1
olympius,0,0,1,1
omaerus,0,0,1,1
omar,3,0,0,3
omega,0,4,0,4
omer,5,0,0,5
omers,1,0,0,1
omitted,0,1,1,2
omnipotency,0,0,1,1
omnipotent,0,1,0,1
omri,16,0,0,16
on,1202,511,161,1874
onam,4,0,0,4
onan,6,0,0,6
once,31,25,13,69
one,1154,541,295,1990
one's,1,1,0,2
ones,69,7,4,80
onesimus,0,2,0,2
onesiphorus,0,2,0,2
oniares,0,0,1,1
onias,0,0,18,18
onions,1,0,0,1
only,152,98,64,314
ono,5,0,0,5
onus,0,0,1,1
onward,1,0,0,1
onycha,1,0,0,1
onyx,11,0,1,12
open,96,27,33,156
opened,71,61,21,153
openest,2,0,0,2
openeth,17,3,2,22
opening,6,1,2,9
openings,1,0,0,1
openly,2,13,6,21
operation,2,1,1,4
operations,0,1,1,2
ophel,5,0,0,5
ophir,12,0,2,14
ophni,1,0,0,1
ophrah,8,0,0,8
opinion,3,0,1,4
opinions,1,0,0,1
opportunities,0,0,1,1
opportunity,0,5,8,13
oppose,0,1,0,1
opposed,0,1,0,1
opposest,1,0,0,1
opposeth,0,1,0,1
opposition,0,0,1,1
oppositions,0,1,0,1
oppress,22,1,6,29
oppressed,36,2,7,45
oppresseth,5,0,0,5
oppressing,3,0,0,3
oppression,24,0,3,27
oppressions,3,0,0,3
oppressor,13,0,1,14
oppressors,8,0,0,8
opprobrious,0,0,1,1
or,607,248,157,1012
oracle,17,0,1,18
oracles,0,4,1,5
oration,0,1,0,1
orator,1,1,0,2
orchard,1,0,2,3
orchards,1,0,0,1
ordain,3,2,4,9
ordained,16,19,19,54
ordaineth,1,0,0,1
order,42,17,21,80
ordered,4,0,6,10
orderest,0,0,2,2
ordereth,1,0,0,1
ordering,0,0,4,4
orderings,1,0,0,1
orderly,0,1,0,1
ordinance,26,2,2,30
ordinances,19,7,7,33
ordinary,1,0,2,3
oreb,4,0,1,5
oren,1,0,0,1
organ,3,0,0,3
organs,1,0,0,1
orion,3,0,0,3
ornament,6,1,5,12
ornaments,14,0,6,20
ornan,10,0,0,10
orpah,2,0,0,2
orphan,0,0,2,2
orphans,1,0,2,3
orthosias,0,0,1,1
osaias,0,0,1,1
osea,0,0,1,1
oseas,0,0,1,1
osee,0,1,0,1
oshea,2,0,0,2
ospray,2,0,0,2
ossifrage,2,0,0,2
ostrich,1,0,0,1
ostriches,1,0,0,1
other,293,145,106,544
others,15,53,29,97
otherwise,4,10,5,19
othni,1,0,0,1
othniel,6,0,0,6
othonias,0,0,1,1
ouches,8,0,0,8
ought,37,57,1,95
oughtest,1,3,1,5
our,563,329,271,1163
our's,2,5,1,8
ours,4,1,0,5
ourselves,17,28,10,55
out,1985,470,379,2834
outcast,1,0,0,1
outcasts,7,0,0,7
outer,1,3,1,5
outgoings,8,0,1,9
outlandish,1,0,0,1
outlived,1,0,0,1
outmost,4,0,0,4
outrageous,1,0,0,1
outroads,0,0,1,1
outrun,0,1,0,1
outside,5,3,0,8
outstretched,3,0,0,3
outward,9,5,1,15
outwardly,0,2,1,3
outwent,0,1,0,1
oven,10,2,3,15
ovens,1,0,0,1
over,764,114,142,1020
overbusy,0,0,1,1
overcame,0,3,5,8
overcharge,0,1,0,1
overcharged,0,1,0,1
overcome,8,12,16,36
overcometh,0,10,0,10
overdrive,1,0,0,1
overflow,13,0,1,14
overflowed,1,1,0,2
overfloweth,1,0,0,1
overflowing,11,0,0,11
overflown,3,0,0,3
overlaid,31,1,2,34
overlay,11,0,0,11
overlaying,2,0,0,2
overlived,1,0,0,1
overmaster,0,0,1,1
overmuch,0,1,1,2
overpass,1,0,1,2
overpast,2,0,0,2
overplus,1,0,1,2
overran,1,0,0,1
overrunning,1,0,0,1
oversee,2,0,2,4
overseeing,0,0,2,2
overseer,7,0,1,8
overseers,5,1,2,8
overshadow,0,2,1,3
overshadowed,0,3,0,3
oversight,10,1,1,12
overspread,1,0,0,1
overspreading,1,0,0,1
overtake,15,1,0,16
overtaken,1,1,3,5
overtaketh,1,0,0,1
overthrew,9,3,4,16
overthrow,15,3,11,29
overthroweth,5,0,1,6
overthrowing,0,0,1,1
overthrown,15,1,10,26
overtook,10,0,1,11
overturn,2,0,0,2
overturned,1,0,0,1
overturneth,3,0,0,3
overweigh,0,0,1,1
overwhelm,1,0,0,1
overwhelmed,7,0,0,7
overwise,0,0,1,1
owe,0,1,1,2
owed,0,3,0,3
owest,0,4,0,4
oweth,0,1,0,1
owing,0,0,2,2
owl,8,0,0,8
owls,6,0,0,6
own,355,190,155,700
owner,10,1,1,12
owners,4,1,3,8
owneth,1,1,0,2
owns,0,0,1,1
ox,50,4,1,55
oxen,89,6,2,97
ozel,0,0,1,1
ozem,2,0,0,2
ozias,0,2,13,15
ozni,1,0,0,1
oznites,1,0,0,1
ozora,0,0,1,1
paarai,1,0,0,1
paces,1,0,0,1
pacified,2,0,4,6
pacifieth,2,0,0,2
pacify,1,0,2,3
padan,1,0,0,1
padanaram,10,0,0,10
paddle,1,0,0,1
padon,2,0,0,2
pagiel,5,0,0,5
pahath,0,0,1,1
pahathmoab,6,0,0,6
pai,1,0,0,1
paid,2,2,2,6
pain,21,3,11,35
pained,4,1,1,6
painful,1,0,2,3
painfulness,0,1,0,1
pains,2,2,9,13
paint,0,0,3,3
painted,2,0,0,2
paintedst,1,0,0,1
painter's,0,0,1,1
painting,1,0,0,1
pair,2,2,0,4
palace,39,8,4,51
palaces,32,0,0,32
palal,1,0,0,1
palate,0,0,1,1
pale,1,1,1,3
paleness,1,0,0,1
pales,0,0,1,1
palestina,3,0,0,3
palestine,1,0,0,1
pallu,4,0,0,4
palluites,1,0,0,1
palm,32,2,5,39
palmerworm,3,0,0,3
palms,4,3,3,10
palsies,0,1,0,1
palsy,0,12,1,13
palti,1,0,0,1
paltiel,1,0,0,1
paltite,1,0,0,1
pamphylia,0,5,1,6
pan,7,0,1,8
pangs,8,0,1,9
pannag,1,0,0,1
pans,4,0,2,6
pant,1,0,0,1
panted,2,0,0,2
panteth,2,0,0,2
paper,1,1,2,4
paphos,0,2,0,2
paps,1,3,0,4
parable,17,32,1,50
parables,1,15,9,25
paradise,0,3,5,8
paramours,1,0,0,1
paran,10,0,0,10
parbar,1,0,0,1
parcel,5,1,0,6
parched,8,0,1,9
parcheth,0,0,1,1
parchments,0,1,0,1
pardon,15,0,7,22
pardoned,3,0,1,4
pardoneth,1,0,1,2
pare,1,0,0,1
parents,0,20,8,28
parlour,5,0,0,5
parlours,1,0,0,1
parmashta,1,0,0,1
parmenas,0,1,0,1
parnach,1,0,0,1
parosh,5,0,0,5
parshandatha,1,0,0,1
part,124,51,44,219
partaker,1,8,4,13
partakers,0,22,9,31
partakest,0,1,0,1
parted,5,6,5,16
parteth,3,0,1,4
parthians,0,1,0,1
partial,1,1,0,2
partiality,0,2,0,2
particular,0,2,1,3
particularly,0,2,0,2
particulars,0,0,2,2
parties,1,0,0,1
parting,1,0,1,2
partition,1,1,0,2
partly,1,2,1,4
partner,1,2,1,4
partners,0,2,1,3
partridge,2,0,1,3
parts,52,12,16,80
party,0,0,2,2
paruah,1,0,0,1
parvaim,1,0,0,1
pasach,1,0,0,1
pasdammim,1,0,0,1
paseah,3,0,0,3
pashur,12,0,0,12
pass,694,110,57,861
passable,0,0,1,1
passage,4,0,7,11
passages,5,0,6,11
passed,110,36,28,174
passedst,1,0,0,1
passengers,4,0,0,4
passest,5,0,0,5
passeth,33,5,6,44
passing,8,5,3,16
passion,0,1,0,1
passions,0,2,0,2
passover,45,26,12,83
passovers,1,0,0,1
past,26,25,16,67
pastime,0,0,3,3
pastor,1,0,0,1
pastors,7,1,0,8
pasture,18,1,0,19
pastures,11,0,0,11
patara,0,1,0,1
pate,1,0,0,1
path,23,0,5,28
patheus,0,0,1,1
pathros,5,0,0,5
pathrusim,2,0,0,2
paths,37,4,6,47
pathway,1,0,1,2
patience,0,33,10,43
patient,1,8,5,14
patiently,2,3,2,7
patmos,0,1,0,1
patriarch,0,2,0,2
patriarchs,0,2,0,2
patrimony,1,0,0,1
patrobas,0,1,0,1
patroclus,0,0,1,1
pats,0,0,1,1
pattern,10,3,1,14
patterns,0,1,0,1
pau,1,0,0,1
paul,0,153,0,153
paul's,0,6,0,6
paulus,0,1,0,1
paved,2,0,1,3
pavement,6,1,2,9
pavilion,4,0,0,4
pavilions,3,0,0,3
paw,1,0,0,1
paweth,1,0,0,1
paws,1,0,0,1
pay,28,10,9,47
payed,1,1,1,3
payeth,1,0,1,2
payment,0,1,0,1
payments,0,0,2,2
peace,296,104,70,470
peaceable,5,3,12,20
peaceably,10,1,8,19
peacemakers,0,1,0,1
peacocks,3,0,0,3
pearl,0,2,0,2
pearls,1,7,0,8
peculiar,5,2,1,8
pedahel,1,0,0,1
pedahzur,5,0,0,5
pedaiah,8,0,0,8
pedigrees,1,0,0,1
peeled,3,0,0,3
peep,1,0,1,2
peeped,1,0,0,1
pekah,11,0,0,11
pekahiah,3,0,0,3
pekod,2,0,0,2
pelaiah,3,0,0,3
pelaliah,1,0,0,1
pelatiah,5,0,0,5
peleg,7,0,0,7
pelet,2,0,0,2
peleth,2,0,0,2
pelethites,7,0,0,7
pelias,0,0,1,1
pelican,3,0,0,3
pelonite,3,0,0,3
pen,6,1,0,7
penalty,0,0,1,1
pence,0,5,0,5
peniel,1,0,0,1
peninnah,2,0,0,2
penknife,1,0,0,1
penny,0,8,0,8
pennyworth,0,2,0,2
pensions,0,0,1,1
pentecost,0,3,2,5
penuel,7,0,0,7
penury,1,1,2,4
people,1695,225,351,2271
people's,2,2,1,5
peoples,0,2,0,2
peor,4,0,0,4
peor's,1,0,0,1
peradventure,30,2,9,41
perazim,1,0,0,1
perceive,11,14,4,29
perceived,21,14,14,49
perceivest,1,1,0,2
perceiveth,3,0,0,3
perceiving,0,3,5,8
perdition,0,8,1,9
peres,1,0,0,1
peresh,1,0,0,1
perez,3,0,0,3
perezuzza,1,0,0,1
perezuzzah,1,0,0,1
perfect,55,39,11,105
perfected,3,5,3,11
perfecting,0,2,0,2
perfection,7,4,7,18
perfectly,1,6,4,11
perfectness,0,1,0,1
perform,35,6,2,43
performance,0,2,3,5
performed,18,3,5,26
performeth,4,0,0,4
performing,2,0,0,2
perfume,3,0,3,6
perfumed,2,0,0,2
perfumes,1,0,1,2
perga,0,3,0,3
pergamos,0,2,0,2
perhaps,0,3,0,3
perida,1,0,0,1
peril,1,1,5,7
perilous,0,1,0,1
perils,0,1,4,5
perish,88,30,31,149
perished,19,7,16,42
perisheth,6,3,4,13
perishing,1,0,0,1
perizzite,5,0,0,5
perizzites,18,0,0,18
perjured,0,1,0,1
perjury,0,0,1,1
permanent,0,0,1,1
permission,0,1,0,1
permit,0,2,0,2
permitted,0,2,0,2
pernicious,0,1,0,1
perpetual,28,0,10,38
perpetually,3,0,1,4
perplexed,2,3,2,7
perplexity,2,1,0,3
persecute,16,9,1,26
persecuted,6,14,6,26
persecutest,0,6,0,6
persecuting,0,1,0,1
persecution,1,9,1,11
persecutions,0,4,0,4
persecutor,0,1,0,1
persecutors,8,0,0,8
persepolis,0,0,1,1
perseus,0,0,1,1
perseverance,0,1,0,1
persia,25,0,19,44
persian,2,0,1,3
persians,5,0,16,21
persis,0,1,0,1
person,43,11,18,72
persons,41,13,9,63
persuade,5,3,3,11
persuaded,2,18,7,27
persuadest,0,1,0,1
persuadeth,1,1,0,2
persuading,0,2,0,2
persuasion,0,1,0,1
persuasions,0,0,1,1
persude,1,0,0,1
pertain,3,3,2,8
pertained,16,0,0,16
pertaineth,5,2,0,7
pertaining,2,6,4,12
peruda,1,0,0,1
perverse,15,5,0,20
perversely,3,0,0,3
perverseness,6,0,0,6
pervert,7,2,0,9
perverted,5,0,3,8
perverteth,4,1,0,5
perverting,1,1,0,2
pestilence,46,0,2,48
pestilences,0,2,0,2
pestilent,0,1,4,5
pestle,1,0,0,1
peter,0,153,0,153
peter's,0,4,0,4
pethahiah,4,0,0,4
pethor,2,0,0,2
pethuel,1,0,0,1
petition,13,0,3,16
petitions,1,1,1,3
peulthai,1,0,0,1
phaath,0,0,1,1
phaisur,0,0,1,1
phaldaius,0,0,1,1
phaleas,0,0,1,1
phalec,0,1,0,1
phallu,1,0,0,1
phalti,1,0,0,1
phaltiel,1,0,0,1
phanuel,0,1,0,1
pharacareth,0,0,1,1
pharacim,0,0,1,1
pharah,1,0,0,1
pharaoh,197,3,4,204
pharaoh's,43,2,0,45
pharaohhophra,1,0,0,1
pharaohnecho,1,0,0,1
pharaohnechoh,4,0,0,4
pharathoni,0,0,1,1
phares,0,2,1,3
pharez,10,0,1,11
pharira,0,0,1,1
pharisee,0,10,0,10
pharisee's,0,2,0,2
pharisees,0,84,0,84
pharisees',0,1,0,1
pharosh,1,0,0,1
pharpar,1,0,0,1
pharzites,1,0,0,1
phaseah,1,0,0,1
phasiron,0,0,1,1
phassaron,0,0,1,1
phebe,0,1,0,1
phenice,0,3,19,22
phenicia,0,1,0,1
pheresites,0,0,1,1
pherezite,0,0,1,1
pherezites,0,0,1,1
phichol,3,0,0,3
philadelphia,0,2,0,2
philarches,0,0,1,1
philemon,0,1,0,1
philetus,0,1,0,1
philip,0,32,11,43
philip's,0,3,0,3
philippi,0,6,0,6
philippians,0,1,0,1
philistia,3,0,0,3
philistim,1,0,0,1
philistine,28,0,0,28
philistines,213,0,8,221
philistines',4,0,0,4
philologus,0,1,0,1
philometor,0,0,3,3
philosophers,0,1,0,1
philosophy,0,1,0,1
phinees,0,0,9,9
phinehas,23,0,0,23
phinehas',1,0,0,1
phison,0,0,1,1
phlegon,0,1,0,1
phoros,0,0,2,2
phrygia,0,3,0,3
phrygian,0,0,1,1
phud,0,0,1,1
phurah,2,0,0,2
phurim,0,0,1,1
phut,2,0,0,2
phuvah,1,0,0,1
phygellus,0,1,0,1
phylacteries,0,1,0,1
physician,1,5,5,11
physicians,3,2,1,6
physick,0,0,1,1
pibeseth,1,0,0,1
pick,1,0,0,1
pictures,3,0,0,3
piece,30,8,4,42
pieces,99,10,8,117
pierce,3,1,1,5
pierced,4,4,1,9
pierceth,1,0,1,2
piercing,1,1,0,2
piercings,1,0,0,1
piety,0,1,0,1
pigeon,2,0,0,2
pigeons,9,1,0,10
pihahiroth,4,0,0,4
pikes,0,0,1,1
pilate,0,54,0,54
pildash,1,0,0,1
pile,2,0,0,2
pileha,1,0,0,1
pilgrimage,3,0,1,4
pilgrims,0,2,1,3
pillar,33,2,8,43
pillars,72,2,4,78
pilled,2,0,1,3
pillow,2,1,1,4
pillows,4,0,0,4
pilots,4,0,0,4
piltai,1,0,0,1
pin,2,0,1,3
pinching,0,0,1,1
pine,7,0,0,7
pineth,0,1,0,1
pining,1,0,0,1
pinnacle,0,2,0,2
pinon,2,0,0,2
pins,8,0,0,8
pipe,3,1,2,6
piped,1,3,0,4
pipers,0,1,0,1
pipes,5,0,0,5
pira,0,0,1,1
piram,1,0,0,1
pirathon,1,0,0,1
pirathonite,5,0,0,5
pisgah,5,0,0,5
pisidia,0,2,0,2
pison,1,0,0,1
pispah,1,0,0,1
piss,2,0,0,2
pisseth,6,0,0,6
pit,71,9,8,88
pitch,16,0,7,23
pitched,77,1,24,102
pitcher,10,2,0,12
pitchers,4,0,0,4
pithom,1,0,0,1
pithon,2,0,0,2
pitied,6,0,3,9
pitieth,2,0,0,2
pitiful,1,2,2,5
pits,6,0,0,6
pity,28,1,14,43
place,565,100,133,798
place's,0,0,1,1
placed,14,0,7,21
places,185,17,43,245
plague,77,3,8,88
plagued,6,0,2,8
plagues,10,12,19,41
plain,70,2,33,105
plainly,6,5,0,11
plainness,0,1,0,1
plains,25,0,1,26
plaister,5,0,1,6
plaistered,2,0,0,2
plaistering,0,0,1,1
plaiting,0,1,0,1
plane,0,0,1,1
planes,1,0,0,1
planets,1,0,0,1
planks,3,0,0,3
plant,40,1,9,50
plantation,1,0,0,1
planted,30,9,6,45
plantedst,2,0,0,2
planters,1,0,0,1
planteth,2,3,3,8
planting,2,0,1,3
plantings,1,0,0,1
plants,8,0,2,10
plat,1,0,0,1
plate,3,0,3,6
plates,6,0,1,7
platted,0,3,0,3
platter,0,3,0,3
play,16,1,1,18
played,17,0,3,20
playedst,2,0,0,2
player,1,0,0,1
players,2,0,0,2
playeth,1,0,0,1
playing,7,0,0,7
plea,1,0,0,1
plead,35,0,0,35
pleaded,3,0,1,4
pleadeth,3,0,0,3
pleadings,1,0,0,1
pleasant,57,0,6,63
pleasantness,1,0,0,1
please,25,14,8,47
pleased,35,26,19,80
pleaseth,6,0,6,12
pleasing,2,4,8,14
pleasure,42,18,16,76
pleasures,4,4,3,11
pleasuring,0,0,1,1
pledge,21,0,1,22
pledges,2,0,0,2
pleiades,2,0,0,2
plenteous,11,1,0,12
plenteousness,2,0,1,3
plentiful,4,0,0,4
plentifully,2,1,0,3
plenty,13,0,1,14
plots,0,0,1,1
plotteth,1,0,0,1
plough,0,1,1,2
plow,7,1,0,8
plowed,5,0,0,5
plowers,1,0,0,1
ploweth,0,1,1,2
plowing,3,1,0,4
plowman,2,0,0,2
plowmen,2,0,0,2
plowshares,3,0,0,3
pluck,22,7,0,29
plucked,18,5,2,25
plucketh,1,0,0,1
pluckt,1,0,0,1
plumbline,2,0,0,2
plummet,3,0,0,3
plunge,1,0,0,1
pochereth,2,0,0,2
poets,0,1,0,1
point,6,3,4,13
pointed,1,0,0,1
points,1,1,2,4
poison,6,2,1,9
poisoned,0,0,1,1
pole,2,0,0,2
policies,0,0,1,1
policy,1,0,4,5
polish,0,0,1,1
polished,3,0,1,4
polishing,1,0,0,1
poll,3,0,0,3
polled,1,0,0,1
polls,6,0,0,6
pollute,11,0,4,15
polluted,38,1,7,46
polluteth,0,0,1,1
polluting,2,0,0,2
pollution,1,0,2,3
pollutions,0,2,4,6
pollux,0,1,0,1
pomegranate,8,0,0,8
pomegranates,17,0,1,18
pommels,2,0,0,2
pomp,6,1,2,9
ponder,2,0,2,4
pondered,0,1,1,2
pondereth,3,0,0,3
ponds,3,0,0,3
pontius,0,4,0,4
pontus,0,3,0,3
pool,15,5,1,21
pools,5,0,1,6
poor,162,35,36,233
poorer,1,0,0,1
poorest,1,0,0,1
poplar,1,0,0,1
poplars,1,0,0,1
popular,0,0,1,1
populous,2,0,0,2
poratha,1,0,0,1
porch,29,5,3,37
porches,1,1,0,2
porcius,0,1,0,1
port,1,0,0,1
porter,4,2,0,6
porters,33,0,7,40
portion,90,4,19,113
portions,16,0,2,18
posidonius,0,0,1,1
positions,0,0,1,1
possess,95,3,4,102
possessed,24,15,6,45
possessest,1,0,0,1
possesseth,1,1,0,2
possessing,0,1,0,1
possession,87,4,14,105
possessions,9,4,2,15
possessor,2,0,0,2
possessors,1,1,0,2
possible,0,15,4,19
post,11,0,1,12
posterity,8,0,8,16
posts,40,0,0,40
pot,19,1,1,21
potentate,0,1,0,1
potentates,0,0,1,1
potiphar,2,0,0,2
potipherah,3,0,0,3
pots,13,2,1,16
potsherd,4,0,1,5
potsherds,1,0,0,1
pottage,7,0,1,8
potter,6,2,2,10
potter's,7,2,2,11
potters,1,0,0,1
potters',2,0,0,2
pound,4,6,2,12
pounds,0,5,1,6
pour,59,3,11,73
poured,68,13,7,88
pouredst,1,0,0,1
poureth,9,1,3,13
pouring,1,1,1,3
pourtray,1,0,0,1
pourtrayed,2,0,0,2
poverty,12,3,9,24
powder,5,2,1,8
powders,1,0,0,1
power,118,142,123,383
powerful,1,2,2,5
powers,0,13,4,17
practices,0,1,1,2
practise,4,0,2,6
practised,2,0,1,3
practising,0,0,1,1
praetorium,0,1,0,1
praise,190,24,86,300
praised,25,1,26,52
praises,24,2,5,31
praiseth,1,0,0,1
praising,4,6,10,20
pransing,1,0,0,1
pransings,1,0,0,1
prating,2,1,0,3
pray,240,66,27,333
prayed,31,34,27,92
prayer,73,31,40,144
prayers,2,22,10,34
prayest,0,2,3,5
prayeth,4,3,3,10
praying,6,14,2,22
preach,3,44,0,47
preached,1,58,0,59
preacher,7,4,0,11
preachest,0,1,0,1
preacheth,0,3,0,3
preaching,1,26,0,27
precept,3,2,0,5
precepts,24,0,3,27
precious,56,16,10,82
predecessors,0,0,2,2
predestinate,0,2,0,2
predestinated,0,2,0,2
preeminence,1,2,3,6
prefer,1,0,1,2
preferred,2,3,1,6
preferring,0,2,0,2
premeditate,0,1,0,1
preparation,2,7,0,9
preparations,1,0,1,2
prepare,63,15,13,91
prepared,76,23,30,129
preparedst,1,0,1,2
preparest,3,0,0,3
prepareth,3,0,2,5
preparing,1,1,2,4
presbytery,0,1,0,1
prescribed,1,0,1,2
prescribing,1,0,0,1
presence,88,20,17,125
present,62,41,33,136
presented,15,3,1,19
presenting,1,0,1,2
presently,2,3,1,6
presents,10,0,3,13
preservation,0,0,1,1
preserve,27,2,4,33
preserved,12,4,16,32
preserver,1,0,0,1
preservest,2,0,0,2
preserveth,8,0,1,9
presidents,5,0,0,5
press,2,7,2,11
pressed,9,5,7,21
presses,3,0,0,3
presseth,1,1,1,3
pressfat,1,0,0,1
presume,2,0,0,2
presumed,1,0,2,3
presumption,0,0,2,2
presumptuous,1,1,0,2
presumptuously,6,0,0,6
pretence,0,3,0,3
pretend,0,0,1,1
pretending,0,0,1,1
prevail,26,3,6,35
prevailed,31,5,2,38
prevailest,1,0,0,1
prevaileth,1,0,0,1
prevent,6,1,2,9
prevented,8,1,3,12
preventest,1,0,0,1
preventeth,0,0,1,1
prey,69,0,9,78
price,22,9,2,33
prices,0,1,0,1
pricked,1,1,4,6
pricketh,0,0,1,1
pricking,1,0,0,1
pricks,1,2,0,3
pride,43,3,29,75
priest,374,68,61,503
priest's,39,6,2,47
priesthood,8,7,17,32
priestly,0,0,1,1
priests,285,83,84,452
priests',8,0,6,14
prieth,0,0,1,1
prince,89,10,9,108
prince's,3,0,0,3
princely,0,0,1,1
princes,252,4,33,289
princess,1,0,0,1
princesses,1,0,0,1
principal,16,1,10,27
principalities,1,6,0,7
principality,0,2,2,4
principles,0,2,0,2
print,2,1,0,3
printed,1,0,0,1
prisca,0,1,0,1
priscilla,0,5,0,5
prised,1,0,0,1
prison,42,42,3,87
prisoner,2,11,3,16
prisoners,15,5,5,25
prisons,0,3,0,3
private,0,1,2,3
privately,0,8,0,8
privileges,0,0,1,1
privily,10,5,5,20
privy,3,1,7,11
prize,0,2,0,2
proceed,10,5,2,17
proceeded,4,5,3,12
proceedeth,7,4,0,11
proceeding,0,1,2,3
process,5,0,3,8
procession,0,0,1,1
prochorus,0,1,0,1
proclaim,23,0,0,23
proclaimed,14,1,0,15
proclaimeth,1,0,0,1
proclaiming,2,1,1,4
proclamation,9,0,5,14
procure,2,0,2,4
procured,2,0,1,3
procureth,1,0,0,1
produce,1,0,0,1
profanation,0,0,4,4
profane,26,7,6,39
profaned,13,0,9,22
profanely,0,0,1,1
profaneness,1,0,1,2
profaneth,1,0,0,1
profaning,2,0,0,2
profess,1,2,2,5
professed,0,2,0,2
professeth,0,0,1,1
professing,0,3,0,3
profession,0,4,0,4
profit,31,12,15,58
profitable,4,8,8,20
profited,1,5,3,9
profiteth,2,4,0,6
profiting,0,1,0,1
profound,1,0,0,1
profounder,0,0,1,1
progenitors,1,0,2,3
prognosticators,1,0,0,1
prologue,0,0,1,1
prolong,14,0,2,16
prolonged,9,0,0,9
prolongeth,2,0,2,4
promise,7,43,3,53
promised,33,14,19,66
promisedst,3,0,0,3
promises,0,13,3,16
promiseth,0,0,1,1
promising,1,0,4,5
promote,5,0,1,6
promoted,5,0,1,6
promotion,2,0,0,2
pronounce,22,0,0,22
pronounced,14,0,4,18
pronounceth,0,0,1,1
pronouncing,1,0,0,1
proof,0,5,0,5
proofs,0,1,0,1
proper,1,3,2,6
properly,0,0,1,1
prophecies,0,2,3,5
prophecy,6,15,5,26
prophesied,38,9,5,52
prophesieth,3,4,0,7
prophesy,63,15,3,81
prophesying,3,3,0,6
prophesyings,0,1,0,1
prophet,158,68,22,248
prophet's,1,1,0,2
prophetess,6,2,0,8
prophets,139,88,24,251
propitiation,0,3,3,6
proportion,2,1,0,3
proportionably,0,0,1,1
proselyte,0,2,0,2
proselytes,0,2,0,2
prospect,5,0,0,5
prosper,47,1,5,53
prospered,12,1,8,21
prospereth,3,1,0,4
prosperity,17,0,13,30
prosperous,7,1,6,14
prosperously,2,0,2,4
prostitute,1,0,0,1
prostrating,0,0,1,1
protect,0,0,1,1
protecteth,0,0,1,1
protecting,0,0,1,1
protection,1,0,2,3
protector,0,0,4,4
protest,2,1,0,3
protestations,0,0,1,1
protested,3,0,0,3
protesting,1,0,0,1
proud,41,6,25,72
proudly,9,0,8,17
prove,16,9,4,29
proved,10,4,2,16
provender,7,0,0,7
proverb,16,3,2,21
proverbs,7,1,2,10
proveth,1,0,2,3
provide,6,5,1,12
provided,7,2,5,14
providence,0,1,2,3
provideth,2,0,0,2
providing,0,1,0,1
province,24,2,0,26
provinces,29,0,5,34
proving,0,2,0,2
provision,10,1,8,19
provocation,6,2,0,8
provocations,3,0,0,3
provoke,32,9,5,46
provoked,30,2,5,37
provokedst,1,0,0,1
provoketh,3,0,0,3
provoking,5,1,0,6
prudence,2,1,8,11
prudent,20,4,3,27
prudently,1,0,0,1
prune,2,0,0,2
pruned,1,0,0,1
pruning,1,0,0,1
pruninghooks,3,0,0,3
psalm,3,3,1,7
psalmist,1,0,0,1
psalms,3,6,4,13
psalteries,14,0,0,14
psaltery,13,0,3,16
ptolemais,0,1,15,16
ptolemaus,0,0,1,1
ptolemee,0,0,19,19
ptolemeus,0,0,6,6
ptolemeus',0,0,1,1
pua,1,0,0,1
puah,3,0,0,3
publican,0,6,0,6
publicans,0,16,0,16
publick,0,1,4,5
publickly,0,2,0,2
publish,13,2,3,18
published,6,5,1,12
publisheth,3,0,0,3
publius,0,2,0,2
pudens,0,1,0,1
puffed,0,6,3,9
puffeth,2,1,0,3
puhites,1,0,0,1
pul,3,0,0,3
pull,10,4,5,19
pulled,6,1,19,26
pulleth,0,0,1,1
pulling,0,2,1,3
pulpit,1,0,1,2
pulse,3,0,0,3
punish,31,1,10,42
punished,13,4,21,38
punisheth,0,0,3,3
punishing,0,0,1,1
punishment,19,4,15,38
punishments,2,0,3,5
punites,1,0,0,1
punon,2,0,0,2
pur,3,0,0,3
purchase,6,1,0,7
purchased,5,4,0,9
pure,73,20,7,100
purely,1,0,0,1
pureness,2,1,2,5
purer,2,0,0,2
purge,10,5,1,16
purged,8,4,0,12
purgeth,0,1,0,1
purging,0,1,0,1
purification,6,2,3,11
purifications,1,0,0,1
purified,8,3,4,15
purifier,1,0,0,1
purifieth,1,1,0,2
purify,9,4,0,13
purifying,6,5,0,11
purim,5,0,0,5
purity,0,2,0,2
purloining,0,1,0,1
purple,39,9,16,64
purpose,19,16,9,44
purposed,14,5,9,28
purposes,5,0,3,8
purposeth,0,1,0,1
purposing,1,0,2,3
purse,1,4,1,6
purses,0,1,0,1
pursue,27,0,3,30
pursued,37,0,18,55
pursuer,1,0,0,1
pursuers,3,0,0,3
pursueth,7,0,0,7
pursuing,8,0,2,10
purtenance,1,0,0,1
purveyor,0,0,1,1
push,9,0,0,9
pushed,1,0,0,1
pushing,1,0,0,1
put,694,145,139,978
puteoli,0,1,0,1
putiel,1,0,0,1
putrifying,1,0,0,1
puttest,7,0,0,7
putteth,19,11,0,30
putting,5,12,5,22
pygarg,1,0,0,1
pyramids,0,0,1,1
quails,4,0,3,7
quake,2,2,1,5
quaked,2,0,1,3
quaketh,0,0,1,1
quaking,2,0,0,2
quantity,1,0,1,2
quarrel,2,2,0,4
quarrelling,0,0,1,1
quarries,2,0,0,2
quarter,7,1,0,8
quarters,5,4,2,11
quartus,0,1,0,1
quaternions,0,1,0,1
queen,48,4,3,55
queens,3,0,0,3
quell,0,0,1,1
quench,9,3,5,17
quenched,11,6,5,22
quencheth,0,0,1,1
quenching,0,0,1,1
question,0,14,3,17
questioned,1,2,0,3
questioning,0,2,0,2
questions,4,10,1,15
quick,6,4,3,13
quicken,12,1,1,14
quickened,2,5,0,7
quickeneth,0,4,0,4
quickening,0,1,0,1
quickly,21,17,6,44
quicksands,0,1,0,1
quiet,27,4,14,45
quieted,2,0,0,2
quieteth,1,0,0,1
quietly,2,0,2,4
quietness,8,2,1,11
quintus,0,0,1,1
quit,4,1,0,5
quite,7,0,1,8
quiver,7,0,1,8
quivered,1,0,0,1
quoth,0,0,1,1
raamah,3,0,0,3
raamiah,1,0,0,1
raamses,1,0,0,1
rabbah,12,0,0,12
rabbath,2,0,0,2
rabbi,0,7,0,7
rabbith,1,0,0,1
rabboni,0,1,0,1
rabmag,2,0,0,2
rabsaces,0,0,1,1
rabsaris,3,0,0,3
rabshakeh,16,0,0,16
raca,0,1,0,1
race,2,2,1,5
rachab,0,1,0,1
rachal,1,0,0,1
rachel,38,1,0,39
rachel's,5,0,0,5
raddai,1,0,0,1
rafters,1,0,0,1
rag,0,0,1,1
ragau,0,1,2,3
rage,17,1,14,32
raged,1,0,0,1
rages,0,0,7,7
rageth,1,0,0,1
ragged,1,0,0,1
raging,3,2,2,7
rags,4,0,0,4
raguel,1,0,21,22
rahab,8,2,0,10
raham,1,0,0,1
rahel,1,0,0,1
rail,1,0,0,1
railed,1,2,0,3
railer,0,1,0,1
railing,0,3,1,4
railings,0,1,1,2
raiment,35,21,3,59
rain,77,10,11,98
rainbow,0,2,2,4
rained,6,2,0,8
raineth,0,0,1,1
raining,0,0,1,1
rains,0,0,1,1
rainy,1,0,0,1
raise,39,19,9,67
raised,29,53,12,94
raiser,1,0,0,1
raiseth,6,2,1,9
raising,1,1,2,4
raisins,4,0,0,4
rakem,1,0,0,1
rakkath,1,0,0,1
rakkon,1,0,0,1
ram,86,0,1,87
ram's,1,0,0,1
rama,0,1,0,1
ramah,34,0,0,34
ramath,1,0,0,1
ramathaimzophim,1,0,0,1
ramathem,0,0,1,1
ramathite,1,0,0,1
ramathlehi,1,0,0,1
ramathmizpeh,1,0,0,1
rameses,4,0,0,4
ramesse,0,0,1,1
ramiah,1,0,0,1
ramoth,8,0,0,8
ramothgilead,19,0,0,19
rampart,2,0,0,2
rams,68,0,7,75
rams',9,0,0,9
ran,40,21,17,78
rang,2,0,0,2
range,1,0,0,1
ranged,0,0,2,2
ranges,4,0,0,4
ranging,1,0,0,1
rank,6,0,0,6
ranks,3,1,1,5
ransom,10,3,0,13
ransomed,3,0,0,3
rapha,2,0,0,2
raphael,0,0,9,9
raphaim,0,0,1,1
raphon,0,0,1,1
raphu,1,0,0,1
rare,1,0,0,1
rase,1,0,0,1
rased,0,0,1,1
rash,2,0,1,3
rashly,0,1,0,1
rasses,0,0,1,1
rate,5,0,0,5
rather,13,47,14,74
rathumus,0,0,4,4
ratified,0,0,2,2
rattleth,1,0,0,1
rattling,1,0,1,2
raven,6,0,0,6
ravening,3,2,0,5
ravenous,3,0,0,3
ravens,4,1,0,5
ravin,2,0,0,2
ravished,6,0,3,9
raw,6,0,0,6
razis,0,0,1,1
razor,7,0,0,7
reach,11,2,3,16
reached,5,2,2,9
reacheth,13,0,2,15
reaching,2,1,0,3
read,40,26,14,80
reader,0,0,6,6
readest,0,2,0,2
readeth,1,3,0,4
readily,0,0,1,1
readiness,0,3,2,5
reading,3,3,1,7
ready,57,42,44,143
reaia,1,0,0,1
reaiah,3,0,0,3
realm,7,0,13,20
realms,0,0,1,1
reap,18,10,3,31
reaped,1,2,2,5
reaper,1,0,0,1
reapers,7,2,1,10
reapest,1,1,0,2
reapeth,1,2,0,3
reaping,1,2,0,3
rear,3,1,0,4
reared,9,0,0,9
rearing,0,0,1,1
reason,50,19,15,84
reasonable,0,1,1,2
reasoned,0,12,0,12
reasoneth,0,0,1,1
reasoning,1,4,2,7
reasonings,0,0,1,1
reasons,2,0,0,2
reba,2,0,0,2
rebecca,0,1,0,1
rebekah,27,0,0,27
rebekah's,2,0,0,2
rebel,13,0,2,15
rebelled,34,0,2,36
rebellest,2,0,0,2
rebellion,9,0,1,10
rebellious,34,0,6,40
rebels,3,0,0,3
rebounding,0,0,1,1
rebuke,32,12,7,51
rebuked,6,19,1,26
rebuker,1,0,0,1
rebukes,3,0,0,3
rebuketh,4,0,0,4
rebuking,1,1,1,3
recall,1,0,0,1
receipt,0,3,0,3
receive,46,121,55,222
received,31,124,49,204
receivedst,0,1,0,1
receiver,1,0,0,1
receivest,0,0,1,1
receiveth,6,22,0,28
receiving,1,6,2,9
receptacles,0,0,1,1
rechab,13,0,0,13
rechabites,4,0,0,4
rechah,1,0,0,1
recited,0,0,2,2
reckon,5,3,0,8
reckoned,18,4,2,24
reckoneth,0,1,0,1
reckoning,2,0,2,4
recommended,0,2,0,2
recompence,11,7,5,23
recompences,2,0,0,2
recompense,21,4,6,31
recompensed,8,2,1,11
recompensest,1,0,0,1
recompenseth,0,0,1,1
recompensing,1,0,0,1
reconcile,3,2,0,5
reconciled,0,6,3,9
reconcilement,0,0,2,2
reconciliation,5,3,4,12
reconciling,1,2,0,3
record,7,19,1,27
recorded,1,0,2,3
recorder,9,0,0,9
records,2,0,4,6
recount,1,0,0,1
recounted,0,0,1,1
recover,19,2,0,21
recovered,11,0,7,18
recovering,0,1,0,1
red,46,6,5,57
reddish,6,0,0,6
redeem,38,2,0,40
redeemed,54,7,0,61
redeemedst,1,0,0,1
redeemer,18,0,0,18
redeemeth,2,0,0,2
redeeming,1,2,0,3
redemption,9,11,0,20
redness,1,0,0,1
redound,0,1,0,1
redress,0,0,1,1
reed,16,11,0,27
reeds,11,0,0,11
reel,2,0,0,2
reelaiah,1,0,0,1
reelius,0,0,1,1
reesaias,0,0,1,1
referred,0,0,1,1
refine,1,0,0,1
refined,5,0,0,5
refiner,1,0,0,1
refiner's,1,0,0,1
reform,0,0,1,1
reformation,0,1,0,1
reformed,1,0,4,5
reformedst,0,0,1,1
refrain,7,2,3,12
refrained,7,0,0,7
refraineth,1,0,1,2
refresh,1,2,0,3
refreshed,5,5,2,12
refresheth,1,0,1,2
refreshing,1,1,0,2
refuge,45,1,2,48
refuse,22,4,6,32
refused,28,4,1,33
refusedst,1,0,0,1
refuseth,9,0,0,9
regard,26,3,13,42
regarded,6,3,6,15
regardest,2,2,0,4
regardeth,12,1,1,14
regarding,1,1,2,4
regem,1,0,0,1
regemmelech,1,0,0,1
regeneration,0,2,0,2
region,5,10,2,17
regions,0,4,1,5
register,3,0,2,5
registered,0,0,1,1
rehabiah,3,0,0,3
rehearse,2,0,1,3
rehearsed,2,2,0,4
rehob,10,0,0,10
rehoboam,41,0,0,41
rehoboth,4,0,0,4
rehum,8,0,0,8
rei,1,0,0,1
reign,146,16,25,187
reigned,157,6,33,196
reignest,1,0,0,1
reigneth,11,2,0,13
reigning,1,0,1,2
reins,14,1,3,18
reject,1,3,3,7
rejected,16,10,1,27
rejecteth,0,1,0,1
rejoice,144,41,25,210
rejoiced,29,14,8,51
rejoicest,1,0,0,1
rejoiceth,13,4,2,19
rejoicing,15,13,10,38
rekem,5,0,0,5
release,6,12,3,21
released,0,4,1,5
relied,2,0,1,3
relief,0,1,2,3
relieve,5,1,0,6
relieved,0,1,0,1
relieveth,1,0,0,1
relieving,0,0,1,1
religion,0,5,6,11
religious,0,2,1,3
rely,1,0,1,2
remain,65,12,27,104
remainder,6,0,0,6
remained,45,7,24,76
remainest,1,1,1,3
remaineth,27,9,7,43
remaining,13,1,1,15
remaliah,11,0,0,11
remaliah's,2,0,0,2
remediless,0,0,2,2
remedy,3,0,5,8
remember,117,27,56,200
remembered,49,8,12,69
rememberest,1,1,0,2
remembereth,3,2,3,8
remembering,1,1,3,5
remembrance,27,23,17,67
remembrances,1,0,0,1
remeth,1,0,0,1
remiss,0,0,1,1
remission,0,10,0,10
remit,0,1,1,2
remitted,0,1,0,1
remmon,1,0,0,1
remmonmethoar,1,0,0,1
remnant,85,6,9,100
remove,39,4,5,48
removed,85,5,19,109
removeth,5,0,0,5
removing,4,1,4,9
remphan,0,1,0,1
rend,17,2,1,20
render,24,9,5,38
rendered,4,0,2,6
renderest,1,0,0,1
rendereth,1,0,0,1
rendering,0,1,1,2
rending,1,0,0,1
renew,5,1,8,14
renewed,3,3,2,8
renewest,2,0,0,2
renewing,0,2,2,4
renounce,0,0,1,1
renounced,0,1,0,1
renown,7,0,2,9
renowned,4,0,8,12
rent,52,11,14,77
rentest,1,0,0,1
repair,13,0,2,15
repaired,36,0,4,40
repairer,1,0,0,1
repairing,1,0,1,2
reparation,0,0,1,1
repay,4,3,5,12
repayed,1,0,1,2
repayeth,1,0,1,2
repeateth,1,0,0,1
repent,21,22,7,50
repentance,1,25,9,35
repented,17,15,1,33
repentest,1,0,1,2
repenteth,3,2,0,5
repenting,1,0,1,2
repentings,1,0,0,1
repetitions,0,1,0,1
rephael,1,0,0,1
rephah,1,0,0,1
rephaiah,5,0,0,5
rephaim,6,0,0,6
rephaims,2,0,0,2
rephidim,5,0,0,5
replenish,2,0,0,2
replenished,5,0,2,7
replied,0,0,1,1
repliest,0,1,0,1
report,15,12,7,34
reported,5,7,6,18
repose,0,0,1,1
reproach,79,7,32,118
reproached,12,2,3,17
reproaches,2,3,2,7
reproachest,0,1,0,1
reproacheth,7,0,1,8
reproachful,0,0,1,1
reproachfully,1,1,0,2
reproaching,0,0,1,1
reprobate,1,3,0,4
reprobates,0,3,0,3
reproof,14,1,2,17
reproofs,2,0,1,3
reprove,16,3,7,26
reproved,7,3,5,15
reprover,2,0,0,2
reproveth,4,0,2,6
reputation,1,4,1,6
reputed,2,0,1,3
request,17,2,2,21
requested,5,0,0,5
requests,0,1,1,2
require,25,2,9,36
required,14,7,5,26
requirest,1,0,0,1
requireth,2,0,2,4
requiring,0,1,0,1
requisite,0,0,1,1
requite,8,1,2,11
requited,2,0,0,2
requiteth,0,0,2,2
requiting,1,0,0,1
rereward,6,0,0,6
rescue,3,0,0,3
rescued,2,1,0,3
rescueth,1,0,0,1
resemblance,1,0,3,4
resemblances,0,0,1,1
resemble,0,1,0,1
resembled,1,0,0,1
resen,1,0,0,1
reserve,2,1,1,4
reserved,8,8,3,19
reserveth,2,0,0,2
reserving,0,0,1,1
resheph,1,0,0,1
residue,31,2,7,40
resist,1,9,3,13
resistance,0,0,1,1
resisted,0,2,4,6
resisteth,0,3,1,4
resisting,0,0,1,1
resolute,0,0,1,1
resolved,0,1,4,5
resort,2,2,2,6
resorted,1,4,3,8
respect,23,11,8,42
respected,1,0,2,3
respecter,0,1,0,1
respecteth,2,0,0,2
respite,2,0,1,3
rest,222,43,61,326
rested,20,1,5,26
restest,0,1,0,1
resteth,3,1,3,7
resting,4,0,1,5
restingplace,1,0,0,1
restitution,5,1,0,6
restore,35,4,10,49
restored,19,5,6,30
restorer,2,0,0,2
restoreth,1,1,0,2
restrain,2,0,0,2
restrained,7,1,1,9
restrainest,1,0,0,1
restraint,1,0,0,1
rests,1,0,0,1
resurrection,0,40,3,43
retain,5,2,1,8
retained,4,2,1,7
retaineth,3,0,0,3
retinue,0,0,1,1
retire,2,0,0,2
retired,2,0,0,2
retiring,0,0,1,1
return,226,13,30,269
returned,152,30,40,222
returneth,6,0,4,10
returning,1,3,4,8
reu,5,0,0,5
reuben,69,1,0,70
reubenite,1,0,0,1
reubenites,16,0,0,16
reuel,9,0,0,9
reumah,1,0,0,1
reveal,3,4,5,12
revealed,13,25,3,41
revealer,1,0,0,1
revealeth,6,0,1,7
revealing,0,0,1,1
revelation,0,10,0,10
revelations,0,2,0,2
revelling,0,0,1,1
revellings,0,2,1,3
revenge,3,2,4,9
revenged,1,0,2,3
revenger,5,1,0,6
revengers,1,0,0,1
revenges,1,0,0,1
revengeth,1,0,1,2
revenging,1,0,0,1
revenue,3,0,2,5
revenues,3,0,1,4
reverence,7,6,7,20
reverenced,1,0,2,3
reverend,1,0,1,2
reverse,3,0,0,3
revile,1,1,0,2
reviled,0,5,0,5
revilers,0,1,0,1
revilest,0,1,0,1
reviling,0,0,2,2
revilings,2,0,1,3
revive,7,0,0,7
revived,4,2,1,7
reviving,2,0,0,2
revoked,0,0,1,1
revolt,3,0,2,5
revolted,6,0,6,12
revolters,3,0,0,3
revolting,1,0,0,1
reward,43,35,23,101
rewarded,12,1,5,18
rewarder,0,1,0,1
rewardeth,5,0,0,5
rewards,5,0,5,10
rezeph,2,0,0,2
rezia,1,0,0,1
rezin,11,0,0,11
rezon,1,0,0,1
rhegium,0,1,0,1
rhesa,0,1,0,1
rhoda,0,1,0,1
rhodes,0,1,0,1
rhodocus,0,0,1,1
rhodus,0,0,1,1
rib,5,0,0,5
ribai,2,0,0,2
ribband,1,0,0,1
riblah,11,0,0,11
ribs,2,0,0,2
rich,41,39,29,109
richer,1,0,2,3
riches,70,25,24,119
richly,0,2,0,2
rid,6,0,1,7
riddance,2,0,0,2
ridden,1,0,0,1
riddle,9,0,0,9
ride,20,0,0,20
rider,6,0,1,7
riders,5,0,1,6
rideth,7,0,0,7
ridges,1,0,0,1
ridiculous,0,0,1,1
riding,10,0,0,10
rie,2,0,0,2
rifled,1,0,1,2
right,266,66,53,385
righteous,188,37,59,284
righteously,6,2,3,11
righteousness,196,89,37,322
righteousness',2,2,0,4
righteousnesses,3,0,0,3
rightly,1,3,0,4
rigour,5,0,0,5
rimmon,11,0,0,11
rimmonparez,2,0,0,2
ring,8,2,1,11
ringleader,0,1,1,2
rings,33,0,1,34
ringstraked,6,0,0,6
rinnah,1,0,0,1
rinsed,3,0,0,3
riot,0,3,1,4
rioting,0,1,0,1
riotous,2,1,0,3
riotously,0,0,1,1
rip,1,0,0,1
ripe,5,2,3,10
ripen,0,0,1,1
ripeness,0,0,1,1
ripening,1,0,0,1
riphath,2,0,0,2
ripped,3,0,0,3
rise,89,51,8,148
risen,20,31,6,57
risest,2,0,0,2
riseth,13,1,2,16
rising,34,4,7,45
rissah,2,0,0,2
rites,1,0,1,2
rithmah,2,0,0,2
river,139,6,28,173
river's,4,0,0,4
rivers,68,3,4,75
rizpah,4,0,0,4
road,1,0,0,1
roar,20,0,1,21
roared,5,0,0,5
roareth,2,1,0,3
roaring,14,2,4,20
roarings,1,0,0,1
roast,5,0,0,5
roasted,3,0,2,5
roasteth,2,0,0,2
rob,8,0,2,10
robbed,11,1,1,13
robber,3,2,0,5
robbers,8,3,2,13
robbery,6,1,1,8
robbeth,1,0,0,1
robe,19,6,10,35
robes,6,5,1,12
roboam,0,1,1,2
rock,95,11,5,111
rocks,18,4,3,25
rod,75,6,1,82
rode,15,0,0,15
rods,11,1,0,12
roe,7,0,1,8
roebuck,4,0,0,4
roebucks,1,0,0,1
roes,5,0,0,5
rogelim,2,0,0,2
rohgah,1,0,0,1
roimus,0,0,1,1
roll,25,1,1,27
rolled,6,6,0,12
roller,1,0,0,1
rolleth,1,0,0,1
rolling,1,0,1,2
rolls,1,0,0,1
romamtiezer,2,0,0,2
roman,0,5,0,5
romans,0,6,15,21
rome,0,9,10,19
roof,14,3,2,19
roofs,2,0,0,2
room,18,13,2,33
rooms,3,4,0,7
root,26,17,23,66
rooted,5,3,3,11
rooteth,0,0,1,1
rooting,0,0,1,1
roots,17,2,3,22
rope,1,0,0,1
ropes,5,1,0,6
rose,105,24,27,156
rosebuds,0,0,1,1
roses,0,0,2,2
rosh,1,0,0,1
rosin,0,0,1,1
rot,5,0,0,5
rotten,5,0,1,6
rottenness,5,0,0,5
rotteth,0,0,2,2
rough,6,1,3,10
roughly,6,0,1,7
roughness,0,0,1,1
round,259,37,42,338
rouse,1,0,0,1
rovers,1,0,0,1
row,15,0,1,16
rowed,1,1,0,2
rowers,1,0,0,1
rowing,0,1,0,1
rows,16,0,2,18
royal,22,3,7,32
rub,0,0,1,1
rubbed,0,0,1,1
rubbing,0,1,0,1
rubbish,2,0,0,2
rubies,6,0,0,6
rudder,0,1,0,1
ruddy,4,0,1,5
rude,0,1,1,2
rudely,0,0,1,1
rudeness,0,0,1,1
rudiments,0,2,0,2
rue,0,1,0,1
rufus,0,2,0,2
ruhamah,1,0,0,1
ruin,10,1,6,17
ruined,3,0,0,3
ruinous,3,0,0,3
ruins,2,1,1,4
rule,47,16,26,89
ruled,13,0,10,23
ruler,61,21,12,94
ruler's,1,1,0,2
rulers,50,21,13,84
rules,0,0,1,1
rulest,2,0,0,2
ruleth,12,2,3,17
ruling,2,1,1,4
rumah,1,0,0,1
rumbling,1,0,0,1
rumour,6,1,1,8
rumours,0,2,0,2
rump,5,0,0,5
run,57,8,10,75
runnest,1,0,0,1
runneth,8,3,1,12
running,18,6,9,33
rush,4,0,3,7
rushed,2,1,2,5
rushes,1,0,0,1
rusheth,1,0,0,1
rushing,5,1,4,10
rust,0,3,4,7
rusteth,0,0,1,1
rut,0,0,1,1
ruth,12,1,0,13
sabachthani,0,2,0,2
sabaoth,0,2,0,2
sabat,0,0,2,2
sabateas,0,0,1,1
sabatus,0,0,1,1
sabban,0,0,1,1
sabbath,60,55,18,133
sabbatheus,0,0,1,1
sabbaths,33,0,6,39
sabbeus,0,0,1,1
sabeans,4,0,0,4
sabi,0,0,1,1
sabta,1,0,0,1
sabtah,1,0,0,1
sabtecha,1,0,0,1
sabtechah,1,0,0,1
sacar,2,0,0,2
sack,8,0,1,9
sack's,3,0,0,3
sackbut,4,0,0,4
sackcloth,41,4,12,57
sackclothes,1,0,0,1
sacks,9,0,0,9
sacks',1,0,0,1
sacred,0,0,1,1
sacrifice,182,23,37,242
sacrificed,30,3,4,37
sacrificedst,1,0,0,1
sacrifices,62,14,31,107
sacrificeth,5,0,2,7
sacrificing,2,0,1,3
sacrilege,0,1,1,2
sacrileges,0,0,1,1
sad,7,3,3,13
sadamias,0,0,1,1
sadas,0,0,1,1
saddeus,0,0,1,1
saddle,4,0,0,4
saddled,10,0,0,10
sadduc,0,0,1,1
sadducees,0,14,0,14
sadly,1,0,1,2
sadness,1,0,0,1
sadoc,0,1,1,2
safe,9,4,11,24
safeguard,1,0,4,5
safely,19,2,6,27
safety,17,2,12,31
saffron,1,0,0,1
said,2619,983,379,3981
saidst,21,1,3,25
sail,2,6,4,12
sailed,0,14,0,14
sailing,0,3,0,3
sailors,0,1,0,1
saint,2,1,0,3
saints,34,60,11,105
saints',0,1,0,1
saith,907,290,42,1239
sake,76,59,21,156
sakes,17,12,9,38
sala,0,1,0,1
salah,5,0,0,5
salamis,0,1,0,1
salasadal,0,0,1,1
salathiel,1,2,4,7
salatiel,0,0,1,1
salcah,3,0,0,3
salchah,1,0,0,1
sale,3,0,3,6
salem,2,2,1,5
salim,0,1,0,1
sallai,2,0,0,2
sallu,3,0,0,3
sallumus,0,0,1,1
salma,3,0,0,3
salmanasar,0,0,1,1
salmon,3,3,0,6
salmone,0,1,0,1
salom,0,0,2,2
salome,0,2,0,2
salt,28,6,8,42
salted,1,2,0,3
saltness,0,1,1,2
saltpits,1,0,1,2
salu,1,0,0,1
salum,0,0,2,2
salutation,0,6,0,6
salutations,0,1,0,1
salute,6,27,4,37
saluted,4,5,5,14
saluteth,0,4,0,4
salvation,115,43,13,171
samael,0,0,1,1
samaias,0,0,3,3
samaria,103,12,12,127
samaritan,0,3,0,3
samaritans,1,6,0,7
samatus,0,0,1,1
same,151,168,57,376
sameius,0,0,1,1
samgarnebo,1,0,0,1
sami,0,0,1,1
samis,0,0,1,1
samlah,4,0,0,4
sammus,0,0,1,1
samos,0,1,1,2
samothracia,0,1,0,1
sampsames,0,0,1,1
samson,34,1,0,35
samson's,3,0,0,3
samuel,118,3,3,124
sanabassar,0,0,2,2
sanabassarus,0,0,2,2
sanasib,0,0,1,1
sanballat,10,0,0,10
sanctification,0,5,1,6
sanctified,43,15,13,71
sanctifieth,0,4,0,4
sanctify,59,6,3,68
sanctity,0,0,1,1
sanctuaries,5,0,0,5
sanctuary,128,4,57,189
sand,23,5,8,36
sandals,0,2,2,4
sands,0,0,1,1
sandy,0,0,1,1
sang,10,1,4,15
sank,2,0,0,2
sansannah,1,0,0,1
sap,1,0,0,1
saph,1,0,0,1
saphat,0,0,1,1
saphatias,0,0,1,1
sapheth,0,0,1,1
saphir,1,0,0,1
sapphira,0,1,0,1
sapphire,8,1,0,9
sapphires,3,0,1,4
sara,0,2,11,13
sarabias,0,0,1,1
sarah,31,1,0,32
sarah's,2,1,0,3
sarai,13,0,0,13
sarai's,1,0,0,1
saraias,0,0,3,3
saramel,0,0,1,1
saraph,1,0,0,1
sarchedonus,0,0,2,2
sardeus,0,0,1,1
sardine,0,1,0,1
sardis,0,3,0,3
sardites,1,0,0,1
sardius,3,1,0,4
sardonyx,0,1,0,1
sarea,0,0,1,1
sarepta,0,1,0,1
sargon,1,0,0,1
sarid,2,0,0,2
saron,0,1,0,1
sarothie,0,0,1,1
sarsechim,1,0,0,1
saruch,0,1,0,1
sat,86,93,22,201
satan,15,34,1,50
satan's,0,1,0,1
satest,2,0,1,3
sathrabuzanes,0,0,4,4
satiate,2,0,0,2
satiated,1,0,0,1
satisfaction,2,0,0,2
satisfied,43,0,4,47
satisfiest,1,0,0,1
satisfieth,3,0,1,4
satisfy,9,1,0,10
satisfying,1,1,0,2
satyr,1,0,0,1
satyrs,1,0,0,1
saul,304,23,1,328
saul's,30,0,0,30
savage,0,0,2,2
savaran,0,0,1,1
save,164,62,15,241
saved,47,57,20,124
savedst,0,0,1,1
savest,3,0,1,4
saveth,7,0,4,11
savias,0,0,1,1
saving,7,5,3,15
saviour,13,24,8,45
saviours,2,0,0,2
savour,47,6,9,62
savourest,0,2,0,2
savours,1,0,0,1
savoury,6,0,0,6
saw,315,219,97,631
sawed,1,0,0,1
sawest,13,6,23,42
sawn,0,1,1,2
saws,3,0,0,3
say,601,400,69,1070
sayest,18,21,1,40
saying,954,453,81,1488
sayings,10,21,5,36
scab,7,0,0,7
scabbard,1,0,0,1
scabbed,2,0,0,2
scaffold,1,0,0,1
scale,0,0,1,1
scales,8,1,0,9
scaleth,1,0,0,1
scall,9,0,0,9
scalp,1,0,0,1
scant,1,0,1,2
scapegoat,3,0,0,3
scarce,1,2,1,4
scarcely,0,2,1,3
scarceness,1,0,0,1
scarecrow,0,0,1,1
scared,0,0,1,1
scarest,1,0,0,1
scarlet,46,6,2,54
scatter,38,0,2,40
scattered,57,12,18,87
scattereth,7,3,1,11
scattering,1,0,0,1
scent,3,0,0,3
scents,0,0,1,1
sceptre,11,1,5,17
sceptres,1,0,2,3
sceva,0,1,0,1
schism,0,1,0,1
scholar,2,0,0,2
school,0,1,0,1
schoolmaster,0,2,0,2
science,1,1,0,2
scoff,1,0,0,1
scoffers,0,1,0,1
scold,0,0,1,1
scorch,0,1,0,1
scorched,0,3,0,3
scorn,13,3,11,27
scorner,11,0,0,11
scorners,4,0,0,4
scornest,2,0,0,2
scorneth,4,0,0,4
scornful,3,0,0,3
scorning,3,0,1,4
scorpion,0,2,1,3
scorpions,6,3,1,10
scoured,1,0,0,1
scourge,5,7,7,19
scourged,1,3,6,10
scourges,1,0,5,6
scourgest,0,0,1,1
scourgeth,0,1,0,1
scourging,0,1,0,1
scourgings,0,1,0,1
scrabbled,1,0,0,1
scrape,3,0,0,3
scraped,2,0,0,2
screech,1,0,0,1
scribe,47,4,6,57
scribe's,2,0,0,2
scribes,6,62,3,71
scrip,1,6,0,7
scripture,1,31,1,33
scriptures,0,21,0,21
scroll,1,1,0,2
scum,3,0,0,3
scurvy,2,0,0,2
scythian,0,1,0,1
scythians,0,0,1,1
scythopolis,0,0,2,2
scythopolitans,0,0,1,1
sea,264,88,72,424
seafaring,1,0,0,1
seal,10,15,3,28
sealed,14,12,9,35
sealest,1,0,0,1
sealeth,3,0,0,3
sealing,0,1,0,1
seals,0,5,3,8
seam,0,1,0,1
search,43,3,10,56
searched,18,2,4,24
searchers,0,0,1,1
searchest,2,0,2,4
searcheth,5,3,3,11
searching,4,1,0,5
searchings,1,0,0,1
seared,0,1,0,1
seas,24,1,2,27
seashore,0,0,1,1
season,33,22,23,78
seasonable,0,0,1,1
seasoned,0,2,0,2
seasons,7,5,4,16
seat,39,14,7,60
seated,1,0,1,2
seats,0,10,0,10
seatward,1,0,0,1
seba,4,0,0,4
sebat,1,0,0,1
secacah,1,0,0,1
sechenias,0,0,2,2
sechu,1,0,0,1
second,125,38,27,190
secondarily,0,1,0,1
secondly,0,0,2,2
secret,52,13,19,84
secretary,0,0,1,1
secretly,18,2,4,24
secrets,8,2,16,26
sect,0,5,0,5
secundus,0,1,0,1
secure,6,1,0,7
securely,2,0,1,3
security,0,1,3,4
sedecias,0,0,2,2
sedition,2,3,1,6
seditions,0,1,0,1
seditious,0,0,1,1
seduce,0,3,0,3
seduced,3,0,1,4
seducers,0,1,0,1
seduceth,1,0,0,1
seducing,0,1,0,1
see,370,196,82,648
seed,202,52,43,297
seed's,1,0,0,1
seeds,1,4,2,7
seedtime,1,0,0,1
seeing,68,48,33,149
seek,177,56,43,276
seekest,7,2,0,9
seeketh,27,12,5,44
seeking,2,12,7,21
seem,16,5,2,23
seemed,6,8,8,22
seemeth,23,5,3,31
seemly,2,0,1,3
seen,169,90,53,312
seer,19,0,0,19
seer's,1,0,0,1
seers,6,0,0,6
seest,30,6,11,47
seeth,31,21,9,61
seethe,8,0,1,9
seething,3,0,0,3
segub,3,0,0,3
seir,38,0,0,38
seirath,1,0,0,1
seize,3,1,0,4
seized,1,0,2,3
sela,1,0,0,1
selah,75,0,0,75
selahammahlekoth,1,0,0,1
seled,1,0,0,1
selemia,0,0,1,1
selemias,0,0,1,1
seleucia,0,1,1,2
seleucus,0,0,5,5
self,1,5,2,8
selfsame,11,4,2,17
selfwill,1,0,0,1
selfwilled,0,2,0,2
sell,26,8,4,38
seller,3,1,0,4
sellers,1,0,0,1
sellest,1,0,0,1
selleth,6,1,1,8
selling,0,0,3,3
selvedge,2,0,0,2
selves,0,6,2,8
sem,0,1,1,2
semachiah,1,0,0,1
semei,0,1,2,3
semellius,0,0,4,4
semis,0,0,1,1
senaah,2,0,0,2
senate,0,1,6,7
senators,1,0,0,1
send,161,64,53,278
sender,0,0,1,1
sendest,6,0,0,6
sendeth,10,5,12,27
sending,13,1,2,16
seneh,1,0,0,1
senir,2,0,0,2
sennacherib,13,0,6,19
sense,1,0,2,3
senses,0,1,0,1
sensual,0,2,0,2
sent,473,190,168,831
sentence,7,3,8,18
sentences,2,0,5,7
sentest,4,0,1,5
senuah,1,0,0,1
seorim,1,0,0,1
separate,23,8,5,36
separated,29,4,4,37
separateth,5,0,0,5
separating,1,0,0,1
separation,19,0,0,19
sephar,1,0,0,1
sepharad,1,0,0,1
sepharvaim,6,0,0,6
sepharvites,1,0,0,1
sephela,0,0,1,1
sepulchre,18,32,5,55
sepulchres,11,4,1,16
serah,2,0,0,2
seraiah,18,0,0,18
seraphims,2,0,0,2
sered,2,0,0,2
sergius,0,1,0,1
serjeants,0,2,0,2
seron,0,0,2,2
serpent,27,8,3,38
serpent's,2,0,0,2
serpents,6,7,4,17
serug,5,0,0,5
servant,371,79,40,490
servant's,8,1,0,9
servants,370,67,61,498
servants',4,0,0,4
serve,163,30,29,222
served,67,5,8,80
servedst,1,0,0,1
servest,2,0,0,2
serveth,3,4,4,11
service,101,15,14,130
servile,12,0,0,12
serving,2,5,3,10
servitor,1,0,1,2
servitude,2,0,3,5
sesis,0,0,1,1
sesthel,0,0,1,1
set,582,82,171,835
seth,7,1,1,9
sethur,1,0,0,1
setter,0,1,0,1
setters,0,0,1,1
settest,7,0,0,7
setteth,19,3,3,25
setting,1,2,3,6
settings,1,0,0,1
settle,6,2,1,9
settled,6,1,4,11
settlest,1,0,0,1
seven,326,65,49,440
sevenfold,5,0,3,8
sevens,2,0,0,2
seventeen,10,0,2,12
seventeenth,6,0,2,8
seventh,106,9,19,134
seventieth,0,0,1,1
seventy,57,3,14,74
sever,3,1,0,4
several,10,2,5,17
severally,0,1,0,1
severe,0,0,2,2
severed,3,0,0,3
severity,0,1,0,1
sew,2,0,0,2
sewed,2,0,0,2
sewest,1,0,0,1
seweth,0,1,0,1
shaalabbin,1,0,0,1
shaalbim,2,0,0,2
shaalbonite,2,0,0,2
shaaph,2,0,0,2
shaaraim,2,0,0,2
shaashgaz,1,0,0,1
shabbethai,3,0,0,3
shachia,1,0,0,1
shade,1,0,0,1
shadow,63,8,6,77
shadowing,2,1,1,4
shadows,3,0,0,3
shadrach,14,0,0,14
shady,2,0,0,2
shaft,4,0,0,4
shage,1,0,0,1
shaharaim,1,0,0,1
shahazimah,1,0,0,1
shake,33,6,6,45
shaked,1,0,0,1
shaken,10,11,5,26
shaketh,6,0,0,6
shaking,8,0,3,11
shalem,1,0,0,1
shalim,1,0,0,1
shalisha,1,0,0,1
shall,5061,1001,734,6796
shallecheth,1,0,0,1
shallum,26,0,0,26
shallun,1,0,0,1
shalmai,2,0,0,2
shalman,1,0,0,1
shalmaneser,2,0,0,2
shalt,1127,86,116,1329
shama,1,0,0,1
shamariah,1,0,0,1
shambles,0,1,0,1
shame,82,16,23,121
shamed,4,0,0,4
shamefaced,0,0,5,5
shamefacedness,0,1,1,2
shameful,2,0,1,3
shamefully,1,3,2,6
shameless,0,0,6,6
shamelessly,1,0,0,1
shamer,2,0,0,2
shameth,1,0,0,1
shamgar,2,0,0,2
shamhuth,1,0,0,1
shamir,4,0,0,4
shamma,1,0,0,1
shammah,8,0,0,8
shammai,5,0,0,5
shammoth,1,0,0,1
shammua,4,0,0,4
shammuah,1,0,0,1
shamsherai,1,0,0,1
shape,0,2,1,3
shapen,1,0,0,1
shapes,0,1,0,1
shapham,1,0,0,1
shaphan,24,0,0,24
shaphat,8,0,0,8
shapher,2,0,0,2
sharai,1,0,0,1
sharaim,1,0,0,1
sharar,1,0,0,1
share,1,0,0,1
sharezer,2,0,0,2
sharon,6,0,0,6
sharonite,1,0,0,1
sharp,15,7,4,26
sharpen,2,0,1,3
sharpened,4,0,0,4
sharpeneth,2,0,0,2
sharper,1,1,0,2
sharply,1,1,0,2
sharpness,0,1,0,1
sharuhen,1,0,0,1
shashai,1,0,0,1
shashak,2,0,0,2
shaul,7,0,0,7
shaulites,1,0,0,1
shave,11,1,0,12
shaved,4,0,0,4
shaveh,2,0,0,2
shaven,5,2,1,8
shavsha,1,0,0,1
she,597,131,195,923
sheaf,8,0,0,8
sheal,1,0,0,1
shealtiel,9,0,0,9
shear,4,0,0,4
shearer,0,1,0,1
shearers,3,0,0,3
sheariah,2,0,0,2
shearing,3,0,0,3
shearjashub,1,0,0,1
sheath,7,1,0,8
sheaves,8,0,1,9
sheba,32,0,0,32
shebah,1,0,0,1
shebam,1,0,0,1
shebaniah,7,0,0,7
shebarim,1,0,0,1
sheber,1,0,0,1
shebna,9,0,0,9
shebuel,3,0,0,3
shecaniah,2,0,0,2
shechaniah,8,0,0,8
shechem,54,0,0,54
shechem's,2,0,0,2
shechemites,1,0,0,1
shed,39,11,4,54
shedder,1,0,0,1
sheddeth,2,0,1,3
shedding,0,1,0,1
shedeur,5,0,0,5
sheep,140,38,8,186
sheep's,0,1,0,1
sheepcote,2,0,0,2
sheepcotes,1,0,1,2
sheepfold,0,1,0,1
sheepfolds,3,0,0,3
sheepmaster,1,0,0,1
sheepshearers,3,0,0,3
sheepskins,0,1,0,1
sheet,0,2,0,2
sheets,2,0,0,2
shehariah,1,0,0,1
shekel,34,0,0,34
shekels,74,0,2,76
shelah,10,0,0,10
shelanites,1,0,0,1
shelemiah,10,0,0,10
sheleph,2,0,0,2
shelesh,1,0,0,1
shelomi,1,0,0,1
shelomith,9,0,0,9
shelomoth,1,0,0,1
shelter,2,0,1,3
shelumiel,5,0,0,5
shem,16,0,0,16
shema,6,0,0,6
shemaah,1,0,0,1
shemaiah,39,0,0,39
shemariah,3,0,0,3
shemeber,1,0,0,1
shemer,1,0,0,1
shemida,2,0,0,2
shemidah,1,0,0,1
shemidaites,1,0,0,1
sheminith,1,0,0,1
shemiramoth,4,0,0,4
shemuel,3,0,0,3
shen,1,0,0,1
shenazar,1,0,0,1
shenir,2,0,0,2
shepham,2,0,0,2
shephathiah,1,0,0,1
shephatiah,12,0,0,12
shepherd,27,13,5,45
shepherd's,2,0,0,2
shepherds,28,4,0,32
shepherds',1,0,0,1
shephi,1,0,0,1
shepho,1,0,0,1
shephuphan,1,0,0,1
sherah,1,0,0,1
sherd,1,0,0,1
sherds,1,0,0,1
sherebiah,8,0,0,8
sheresh,1,0,0,1
sherezer,1,0,0,1
sheriffs,2,0,0,2
sheshach,2,0,0,2
sheshai,3,0,0,3
sheshan,3,0,0,3
sheshbazzar,4,0,0,4
sheth,2,0,0,2
shethar,1,0,0,1
shetharboznai,4,0,0,4
sheva,2,0,0,2
shew,153,65,76,294
shewbread,14,4,2,20
shewed,93,38,44,175
shewedst,2,0,2,4
shewest,3,2,3,8
sheweth,15,4,5,24
shewing,6,8,4,18
shibboleth,1,0,0,1
shibmah,1,0,0,1
shicron,1,0,0,1
shield,43,1,7,51
shields,23,0,5,28
shigionoth,1,0,0,1
shihon,1,0,0,1
shihor,1,0,0,1
shihorlibnath,1,0,0,1
shilhi,2,0,0,2
shilhim,1,0,0,1
shillem,2,0,0,2
shillemites,1,0,0,1
shiloah,1,0,0,1
shiloh,31,0,0,31
shiloni,1,0,0,1
shilonite,5,0,0,5
shilonites,1,0,0,1
shilshah,1,0,0,1
shimea,4,0,0,4
shimeah,4,0,0,4
shimeam,1,0,0,1
shimeath,2,0,0,2
shimeathites,1,0,0,1
shimei,38,0,0,38
shimeon,1,0,0,1
shimhi,1,0,0,1
shimi,1,0,0,1
shimites,1,0,0,1
shimma,1,0,0,1
shimon,1,0,0,1
shimrath,1,0,0,1
shimri,3,0,0,3
shimrith,1,0,0,1
shimrom,1,0,0,1
shimron,4,0,0,4
shimronites,1,0,0,1
shimronmeron,1,0,0,1
shimshai,4,0,0,4
shinab,1,0,0,1
shinar,7,0,0,7
shine,24,8,8,40
shined,6,3,6,15
shineth,3,6,0,9
shining,6,5,2,13
ship,6,63,5,74
shiphi,1,0,0,1
shiphmite,1,0,0,1
shiphrah,1,0,0,1
shiphtan,1,0,0,1
shipmaster,1,1,0,2
shipmen,1,2,0,3
shipping,0,1,0,1
ships,27,9,6,42
shipwreck,0,2,0,2
shisha,1,0,0,1
shishak,6,0,0,6
shitrai,1,0,0,1
shittah,1,0,0,1
shittim,32,0,0,32
shivers,0,1,0,1
shiza,1,0,0,1
shoa,1,0,0,1
shobab,4,0,0,4
shobach,2,0,0,2
shobai,2,0,0,2
shobal,9,0,0,9
shobek,1,0,0,1
shobi,1,0,0,1
shocho,1,0,0,1
shochoh,1,0,0,1
shock,1,0,0,1
shocks,1,0,0,1
shoco,1,0,0,1
shod,2,2,0,4
shoe,9,0,1,10
shoe's,0,1,0,1
shoelatchet,1,0,0,1
shoes,12,9,0,21
shoham,1,0,0,1
shomer,2,0,0,2
shone,4,3,3,10
shook,7,4,3,14
shoot,19,1,0,20
shooters,1,0,0,1
shooteth,2,1,1,4
shooting,2,0,1,3
shophach,2,0,0,2
shophan,1,0,0,1
shore,9,8,1,18
shorn,1,2,1,4
short,5,7,13,25
shorten,0,0,1,1
shortened,5,2,1,8
shorter,2,0,0,2
shortly,3,12,5,20
shot,17,0,6,23
should,365,325,183,873
shoulder,38,0,3,41
shoulderpieces,4,0,0,4
shoulders,17,2,5,24
shouldest,49,11,10,70
shout,29,2,1,32
shouted,13,0,6,19
shouteth,1,0,0,1
shouting,12,0,0,12
shoutings,1,0,1,2
shovel,1,0,0,1
shovels,9,0,0,9
shower,3,1,1,5
showers,9,0,1,10
shrank,1,0,0,1
shred,1,0,0,1
shrewd,0,0,1,1
shrines,0,1,0,1
shroud,1,0,0,1
shrubs,1,0,1,2
shrunk,0,0,1,1
shua,2,0,0,2
shuah,5,0,0,5
shual,2,0,0,2
shubael,2,0,0,2
shuham,1,0,0,1
shuhamites,2,0,0,2
shuhite,5,0,0,5
shulamite,1,0,0,1
shumathites,1,0,0,1
shun,0,1,0,1
shunammite,8,0,0,8
shunem,3,0,0,3
shuni,2,0,0,2
shunites,1,0,0,1
shunned,0,1,0,1
shupham,1,0,0,1
shuphamites,1,0,0,1
shuppim,3,0,0,3
shur,6,0,0,6
shushan,19,0,0,19
shut,85,17,37,139
shuthalhites,1,0,0,1
shuthelah,4,0,0,4
shutteth,5,2,0,7
shutting,1,0,0,1
shuttle,1,0,0,1
sia,1,0,0,1
siaha,1,0,0,1
sibbecai,2,0,0,2
sibbechai,2,0,0,2
sibboleth,1,0,0,1
sibmah,4,0,0,4
sibraim,1,0,0,1
sichem,1,0,1,2
sick,38,49,7,94
sickle,4,7,0,11
sickly,0,1,0,1
sickness,15,4,5,24
sicknesses,2,2,0,4
sicyon,0,0,1,1
siddim,3,0,0,3
side,298,43,49,390
sides,48,0,4,52
sidon,2,12,3,17
sidonians,5,0,0,5
siege,17,0,9,26
sieve,2,0,1,3
sift,2,1,0,3
sifted,1,0,0,1
sifteth,0,0,1,1
sigh,6,0,1,7
sighed,1,2,1,4
sighest,1,0,0,1
sigheth,1,0,1,2
sighing,7,0,1,8
sighs,1,0,0,1
sight,269,51,57,377
sights,0,1,0,1
sign,44,23,8,75
signed,4,0,0,4
signet,10,0,8,18
signets,1,0,0,1
signification,0,1,1,2
signified,0,2,3,5
signifieth,0,1,2,3
signify,0,4,6,10
signifying,0,4,1,5
signs,30,22,16,68
sihon,34,0,0,34
sihor,3,0,0,3
silas,0,13,0,13
silence,24,10,10,44
silent,8,0,1,9
silk,3,1,2,6
silla,1,0,0,1
silly,2,1,0,3
siloah,1,0,0,1
siloam,0,3,0,3
silvanus,0,4,0,4
silver,264,18,69,351
silverlings,1,0,0,1
silversmith,0,1,0,1
silversmiths,0,0,1,1
simalcue,0,0,1,1
simeon,39,6,3,48
simeonites,3,0,0,3
similitude,8,3,2,13
similitudes,1,0,1,2
simon,0,65,74,139
simon's,0,6,3,9
simple,18,2,1,21
simplicity,2,3,1,6
simri,1,0,0,1
sin,297,90,54,441
sin--,1,0,0,1
sina,0,2,1,3
sinai,34,2,2,38
since,50,20,17,87
sincere,0,2,1,3
sincerely,2,1,0,3
sincerity,1,6,0,7
sinew,2,0,0,2
sinews,5,0,0,5
sinful,3,5,12,20
sing,97,5,6,108
singed,1,0,0,1
singer,2,0,1,3
singers,36,0,8,44
singeth,1,0,0,1
singing,23,2,4,29
single,0,2,0,2
singleness,0,3,0,3
singular,1,0,1,2
sinim,1,0,0,1
sinite,2,0,0,2
sink,3,3,0,6
sinned,99,15,34,148
sinner,9,12,20,41
sinners,16,30,24,70
sinners',0,0,1,1
sinnest,1,0,0,1
sinneth,14,6,4,24
sinning,2,0,5,7
sins,86,81,62,229
sion,2,7,35,44
siphmoth,1,0,0,1
sippai,1,0,0,1
sir,1,11,2,14
sirach,0,0,1,1
sirah,1,0,0,1
sirion,2,0,0,2
sirs,0,7,0,7
sisamai,1,0,0,1
sisera,19,0,0,19
sisinnes,0,0,4,4
sister,88,15,4,107
sister's,5,2,0,7
sisters,10,8,0,18
sit,69,40,21,130
sith,1,0,0,1
sitnah,1,0,0,1
sittest,6,1,5,12
sitteth,26,14,4,44
sitting,18,25,7,50
situate,3,0,0,3
situation,2,0,0,2
sivan,1,0,1,2
six,177,13,23,213
sixscore,2,0,0,2
sixteen,22,1,2,25
sixteenth,3,0,0,3
sixth,30,14,5,49
sixtieth,0,0,2,2
sixty,10,3,3,16
sixtyfold,0,1,0,1
size,5,0,0,5
skies,5,0,0,5
skilful,7,0,2,9
skilfully,1,0,0,1
skilfulness,1,0,0,1
skill,7,0,8,15
skillfully,0,0,1,1
skin,65,1,1,67
skins,18,0,1,19
skip,1,0,0,1
skipped,2,0,0,2
skippedst,1,0,0,1
skippeth,0,0,1,1
skipping,1,0,1,2
skirt,10,0,0,10
skirts,7,0,0,7
skull,2,3,0,5
sky,2,4,0,6
slack,7,1,6,14
slacked,1,0,0,1
slackness,0,1,1,2
slain,150,18,53,221
slander,3,0,4,7
slandered,1,0,1,2
slanderers,0,1,0,1
slanderest,1,0,0,1
slandereth,1,0,0,1
slanderous,0,0,1,1
slanderously,0,1,0,1
slanders,2,0,0,2
slang,1,0,0,1
slaughter,50,5,8,63
slaughters,0,0,1,1
slave,1,0,0,1
slaves,0,1,4,5
slay,106,7,15,128
slayer,19,0,0,19
slayeth,4,0,2,6
slaying,7,0,3,10
sleep,53,19,15,87
sleeper,1,0,0,1
sleepest,2,2,0,4
sleepeth,3,4,0,7
sleeping,2,4,1,7
sleight,0,1,0,1
slenderly,0,0,1,1
slept,44,5,7,56
slew,175,10,45,230
slewest,1,0,0,1
slidden,1,0,0,1
slide,3,0,1,4
slideth,1,0,0,1
slightly,2,0,0,2
slime,2,0,0,2
slimepits,1,0,0,1
sling,7,0,3,10
slingers,1,0,1,2
slings,1,0,1,2
slingstones,1,0,0,1
slip,4,1,1,6
slipped,2,0,3,5
slippery,3,0,0,3
slippeth,3,0,2,5
slips,1,0,1,2
slipt,0,0,1,1
slothful,12,3,3,18
slothfulness,2,0,0,2
slow,10,3,4,17
slowly,0,1,0,1
sluggard,6,0,0,6
sluices,1,0,0,1
slumber,9,1,2,12
slumbered,0,1,0,1
slumbereth,0,1,0,1
slumberings,1,0,0,1
small,78,17,28,123
smallest,1,1,0,2
smart,1,0,1,2
smell,16,1,9,26
smelled,2,0,1,3
smelleth,1,0,0,1
smelling,2,1,0,3
smile,0,0,2,2
smiled,0,0,1,1
smiling,0,0,1,1
smite,107,10,10,127
smiters,1,0,0,1
smitest,1,1,0,2
smiteth,12,1,0,13
smith,3,0,1,4
smiths,4,0,0,4
smiting,5,0,0,5
smitten,60,2,8,70
smoke,29,11,13,53
smoketh,0,0,1,1
smoking,4,1,0,5
smooth,5,1,0,6
smoother,2,0,0,2
smootheth,1,0,0,1
smote,204,16,21,241
smotest,1,0,1,2
smyrna,0,2,0,2
snail,2,0,0,2
snare,38,6,7,51
snared,9,0,0,9
snares,15,0,3,18
snatch,1,0,0,1
sneezed,1,0,0,1
snorting,1,0,0,1
snout,1,0,0,1
snow,21,3,6,30
snowy,1,0,0,1
snuffdishes,3,0,0,3
snuffed,2,0,0,2
snuffers,6,0,0,6
snuffeth,1,0,0,1
so,1267,360,583,2210
soaked,1,0,0,1
soap,2,0,0,2
sober,0,12,1,13
soberly,0,2,1,3
soberness,0,1,0,1
sobriety,0,2,0,2
socho,1,0,0,1
sochoh,1,0,0,1
socket,1,0,0,1
sockets,38,0,1,39
socoh,2,0,0,2
sod,2,0,1,3
sodden,5,0,0,5
sodering,1,0,0,1
sodi,1,0,0,1
sodom,38,9,1,48
sodoma,0,1,0,1
sodomite,1,0,0,1
sodomites,4,0,2,6
sodomitish,0,0,1,1
soever,9,6,3,18
soft,5,2,3,10
softer,1,0,0,1
softly,6,1,0,7
soil,1,0,0,1
sojourn,31,1,0,32
sojourned,11,1,6,18
sojourner,7,0,0,7
sojourners,3,0,0,3
sojournest,0,0,1,1
sojourneth,15,0,0,15
sojourning,2,1,0,3
solace,1,0,0,1
sold,52,23,9,84
soldier,0,5,0,5
soldiers,5,22,10,37
soldiers',0,1,0,1
sole,11,0,0,11
solemn,29,0,7,36
solemnities,3,0,0,3
solemnity,2,0,2,4
solemnly,2,0,1,3
soles,7,0,1,8
solitarily,1,0,0,1
solitary,6,1,2,9
solomon,244,7,11,262
solomon's,22,3,0,25
solution,0,0,1,1
some,76,125,49,250
somebody,0,2,0,2
something,1,7,1,9
sometime,0,2,2,4
sometimes,0,3,2,5
somewhat,15,9,1,25
son,1449,335,196,1980
son's,21,0,0,21
song,40,3,6,49
songs,18,2,14,34
sons,912,32,117,1061
sons',24,0,0,24
soon,40,24,29,93
sooner,0,2,4,6
soothsayer,1,0,0,1
soothsayers,6,0,0,6
soothsaying,0,1,0,1
soothsayings,0,0,1,1
sop,0,3,0,3
sopater,0,1,0,1
sophereth,2,0,0,2
sophonias,0,0,1,1
sorcerer,0,2,0,2
sorcerers,4,2,0,6
sorceress,1,0,0,1
sorceries,2,3,0,5
sorcery,0,1,0,1
sore,87,10,44,141
sorek,1,0,0,1
sorely,2,0,0,2
sorer,0,1,0,1
sores,1,3,0,4
sorrow,52,13,23,88
sorrowed,0,2,0,2
sorrowest,0,0,1,1
sorroweth,1,0,0,1
sorrowful,7,11,8,26
sorrowing,0,2,0,2
sorrows,19,3,7,29
sorry,4,7,11,22
sort,15,6,8,29
sorts,7,0,4,11
sosipater,0,1,2,3
sosthenes,0,2,0,2
sostratis,0,0,1,1
sostratus,0,0,1,1
sotai,2,0,0,2
sottish,1,0,0,1
sou,0,0,1,1
sought,82,39,36,157
soul,396,36,64,496
soul's,1,0,0,1
souls,50,19,22,91
sound,61,25,15,101
sounded,7,10,12,29
soundeth,1,0,0,1
sounding,6,1,2,9
soundness,3,1,0,4
sounds,0,1,2,3
sour,5,0,1,6
south,118,9,9,136
southward,22,0,0,22
sovereignty,0,0,2,2
sow,28,9,4,41
sowed,2,8,0,10
sowedst,1,0,0,1
sower,2,6,0,8
sowest,0,2,0,2
soweth,6,7,3,16
sowing,2,0,0,2
sown,16,14,10,40
space,10,16,12,38
spain,0,2,2,4
spake,446,134,41,621
spakest,10,0,6,16
span,6,0,0,6
spanned,1,0,0,1
spare,35,5,11,51
spared,8,4,7,19
sparedst,0,0,1,1
sparest,0,0,1,1
spareth,4,0,0,4
sparing,0,1,1,2
sparingly,0,1,0,1
spark,2,0,4,6
sparkled,1,0,0,1
sparkles,0,0,1,1
sparkling,0,0,1,1
sparks,3,0,2,5
sparrow,2,0,0,2
sparrows,0,4,1,5
sparta,0,0,1,1
spat,0,1,0,1
speak,334,150,56,540
speaker,1,1,1,3
speakest,11,5,1,17
speaketh,39,27,8,74
speaking,42,20,10,72
speakings,0,1,0,1
spear,38,1,3,42
spear's,1,0,0,1
spearmen,1,1,0,2
spears,16,0,2,18
special,1,1,6,8
specially,1,5,1,7
specify,0,0,1,1
speckled,9,0,0,9
spectacle,0,1,0,1
sped,1,0,0,1
speech,33,15,12,60
speeches,5,2,6,13
speechless,0,3,2,5
speed,8,3,4,15
speedily,18,1,10,29
speedy,1,0,0,1
spend,5,2,6,13
spendest,0,1,0,1
spendeth,3,0,0,3
spending,0,0,1,1
spent,9,10,5,24
spewing,1,0,0,1
spice,5,0,0,5
spiced,1,0,0,1
spicery,1,0,0,1
spices,25,4,0,29
spider,1,0,0,1
spider's,2,0,0,2
spied,6,0,0,6
spies,12,2,1,15
spikenard,3,2,0,5
spilled,1,2,0,3
spilt,1,0,0,1
spin,1,2,0,3
spindle,1,0,0,1
spirit,222,234,45,501
spirits,14,32,5,51
spiritual,1,22,1,24
spiritually,0,3,0,3
spit,4,7,2,13
spite,1,0,0,1
spitefully,0,2,0,2
spitted,0,1,0,1
spitting,1,0,0,1
spittle,2,1,2,5
spoil,103,3,18,124
spoiled,49,1,20,70
spoiler,8,0,0,8
spoilers,7,0,0,7
spoilest,1,0,0,1
spoileth,4,0,0,4
spoiling,4,1,1,6
spoils,3,2,26,31
spoken,190,90,49,329
spokes,1,0,0,1
spokesman,1,0,0,1
spoon,12,0,0,12
spoons,11,0,0,11
sport,5,0,2,7
sporting,1,1,0,2
spot,19,5,1,25
spots,3,2,0,5
spotted,4,1,1,6
spouse,6,0,1,7
spouses,2,0,0,2
spouts,0,0,1,1
sprang,0,7,0,7
spread,100,8,9,117
spreadest,1,0,0,1
spreadeth,14,0,1,15
spreading,4,0,1,5
spreadings,1,0,0,1
sprigs,2,0,0,2
spring,21,1,4,26
springeth,4,0,0,4
springing,3,2,0,5
springs,12,0,4,16
sprinkle,30,0,1,31
sprinkled,19,3,1,23
sprinkleth,2,0,0,2
sprinkling,0,4,0,4
sprout,1,0,0,1
sprung,3,5,1,9
spue,3,1,0,4
spued,1,0,0,1
spun,2,0,0,2
spunge,0,3,0,3
spy,11,1,1,13
square,3,0,1,4
squared,1,0,0,1
squares,2,0,0,2
stability,1,0,0,1
stable,2,0,0,2
stablish,6,6,1,13
stablished,3,1,1,5
stablisheth,1,1,0,2
stachys,0,1,0,1
stacks,1,0,0,1
stacte,1,0,0,1
staff,40,2,2,44
stagger,3,0,0,3
staggered,0,1,0,1
staggereth,1,0,0,1
stain,3,0,5,8
stained,0,0,1,1
stairs,8,2,0,10
stakes,2,0,1,3
stalk,3,0,0,3
stalks,1,0,0,1
stall,2,1,0,3
stalled,1,0,0,1
stallion,0,0,1,1
stalls,4,0,0,4
stammerers,1,0,0,1
stammering,2,0,0,2
stamp,2,0,1,3
stamped,9,0,0,9
stamping,1,0,0,1
stanched,0,1,0,1
stand,213,54,41,308
standard,18,0,0,18
standard-bearer,1,0,0,1
standards,3,0,0,3
standest,4,2,2,8
standeth,19,10,6,35
standing,25,27,11,63
stank,4,0,0,4
star,2,12,5,19
stare,1,0,0,1
stargazers,1,0,0,1
stars,35,15,16,66
started,0,0,1,1
state,8,6,7,21
stateliness,0,0,1,1
stately,1,0,0,1
station,1,0,0,1
stature,12,5,4,21
statute,35,0,1,36
statutes,131,0,6,137
staves,38,7,0,45
stay,30,0,9,39
stayed,28,2,2,32
stayeth,1,0,1,2
stays,2,0,0,2
stead,92,2,12,106
steadfast,0,0,2,2
steads,1,0,1,2
steady,1,0,0,1
steal,11,10,1,22
stealeth,3,0,0,3
stealing,2,0,0,2
stealth,1,0,0,1
stedfast,4,7,4,15
stedfastly,2,8,1,11
stedfastness,0,2,0,2
steel,4,0,0,4
steep,2,3,1,6
stem,1,0,0,1
step,2,0,1,3
stephanas,0,3,0,3
stephen,0,7,0,7
stepped,0,1,0,1
steppeth,0,1,0,1
steps,35,3,2,40
stern,0,1,0,1
steward,5,8,1,14
stewards,1,3,0,4
stewards',0,0,1,1
stewardship,0,3,0,3
stick,9,0,1,10
sticketh,1,0,3,4
sticking,0,0,1,1
sticks,5,1,0,6
stiff,3,0,1,4
stiffened,1,0,0,1
stiffhearted,1,0,0,1
stiffly,0,0,1,1
stiffnecked,8,1,2,11
still,81,13,24,118
stilled,2,0,0,2
stillest,1,0,0,1
stilleth,1,0,0,1
sting,0,2,0,2
stingeth,1,0,0,1
stings,0,1,1,2
stink,8,0,1,9
stinketh,1,1,0,2
stinking,1,0,0,1
stir,15,5,3,23
stirred,16,6,4,26
stirreth,7,1,0,8
stirring,0,0,1,1
stirs,1,0,0,1
stock,6,2,8,16
stocks,8,1,1,10
stoicks,0,1,0,1
stole,4,2,1,7
stolen,14,0,2,16
stomach,0,0,1,1
stomach's,0,1,0,1
stomacher,1,0,0,1
stone,127,49,15,191
stone's,0,1,0,1
stoned,12,9,0,21
stones,141,17,27,185
stonesquarers,1,0,0,1
stonest,0,2,0,2
stoning,1,0,0,1
stony,3,4,1,8
stood,236,90,47,373
stoodest,3,0,0,3
stool,1,0,0,1
stools,1,0,1,2
stoop,3,1,0,4
stooped,4,3,0,7
stoopeth,1,0,0,1
stooping,0,2,1,3
stop,6,1,5,12
stopped,11,4,6,21
stoppeth,4,0,0,4
storax,0,0,1,1
store,22,3,3,28
stored,0,0,1,1
storehouse,1,1,0,2
storehouses,6,0,2,8
stories,5,0,1,6
stork,5,0,0,5
storm,11,2,7,20
stormed,0,0,1,1
storms,0,0,2,2
stormy,4,0,1,5
story,2,0,5,7
storywriter,0,0,2,2
stout,4,0,0,4
stouthearted,2,0,0,2
stoutness,1,0,0,1
straight,18,10,6,34
straightway,4,38,0,42
straightways,0,0,3,3
strain,0,1,0,1
strait,6,4,6,16
straiten,1,0,0,1
straitened,5,2,1,8
straiteneth,1,0,0,1
straitest,0,1,0,1
straitly,4,7,2,13
straitness,5,0,1,6
straits,2,0,1,3
strake,0,1,1,2
strakes,2,0,0,2
strange,63,10,41,114
strangely,1,0,0,1
strangeness,0,0,1,1
stranger,116,8,8,132
stranger's,2,0,0,2
strangers,63,15,24,102
strangers',1,0,0,1
strangled,1,3,4,8
strangling,1,0,0,1
straw,15,0,1,16
strawed,1,4,0,5
straying,0,0,1,1
stream,10,2,3,15
streamed,0,0,1,1
streams,12,0,0,12
street,30,5,1,36
streets,55,8,12,75
strength,215,17,58,290
strengthen,29,3,4,36
strengthened,34,4,4,42
strengthenedst,1,0,0,1
strengtheneth,6,1,1,8
strengthening,0,2,1,3
stretch,45,5,5,55
stretched,61,9,13,83
stretchedst,1,0,0,1
stretchest,1,0,0,1
stretcheth,7,0,1,8
stretching,1,1,1,3
strewed,0,0,1,1
stricken,15,2,4,21
strife,28,10,7,45
strifes,1,3,0,4
strike,11,1,1,13
striker,0,2,0,2
striketh,2,1,0,3
striking,0,0,1,1
string,1,1,0,2
stringed,3,0,0,3
strings,4,0,0,4
strip,7,0,0,7
stripe,1,0,1,2
stripes,7,8,4,19
stripling,1,0,0,1
stripped,10,2,0,12
stript,1,0,0,1
strive,14,6,6,26
strived,0,1,0,1
striven,1,0,0,1
striveth,1,1,1,3
striving,0,3,1,4
strivings,2,1,1,4
stroke,10,0,5,15
strokes,1,0,1,2
strong,213,26,69,308
stronger,15,3,6,24
strongest,1,0,4,5
strongly,1,0,1,2
strove,9,3,0,12
strowed,1,0,0,1
struck,4,3,3,10
struggled,1,0,0,1
stubble,17,1,4,22
stubborn,5,0,2,7
stubbornness,2,0,0,2
stuck,2,1,0,3
studieth,2,0,0,2
studs,1,0,0,1
study,1,2,0,3
stuff,12,1,4,17
stumble,18,1,3,22
stumbled,4,2,1,7
stumbleth,1,3,0,4
stumbling,1,2,1,4
stumbling-block,1,0,0,1
stumblingblock,6,5,2,13
stumblingblocks,2,0,2,4
stumblingstone,0,2,0,2
stump,4,0,0,4
suah,1,0,0,1
suba,0,0,1,1
subai,0,0,1,1
subdue,7,1,6,14
subdued,17,2,2,21
subduedst,1,0,0,1
subdueth,3,0,0,3
subject,0,17,6,23
subjected,0,1,0,1
subjection,3,10,6,19
subjects,0,0,4,4
submissly,0,0,1,1
submit,5,7,0,12
submitted,2,1,1,4
submitting,0,1,0,1
suborned,0,1,0,1
subscribe,2,0,0,2
subscribed,2,0,1,3
substance,45,4,4,53
subtil,3,0,3,6
subtilly,2,1,1,4
subtilties,0,0,1,1
subtilty,3,3,1,7
suburbs,69,0,2,71
subvert,1,1,0,2
subverted,0,1,0,1
subverting,0,2,0,2
succeed,1,0,2,3
succeeded,3,0,0,3
succeedest,2,0,0,2
success,1,0,11,12
successor,0,0,3,3
succoth,16,0,0,16
succothbenoth,1,0,0,1
succour,2,1,4,7
succoured,1,1,0,2
succourer,0,1,0,1
succoureth,0,0,1,1
succours,0,0,1,1
such,142,88,128,358
suchathites,1,0,0,1
suck,14,4,0,18
sucked,1,1,0,2
sucking,5,0,2,7
suckling,3,0,0,3
sucklings,3,1,0,4
sud,0,0,2,2
sudden,2,1,5,8
suddenly,30,10,17,57
sudias,0,0,1,1
sue,0,1,0,1
suffer,31,64,22,117
suffered,12,37,10,59
sufferest,0,1,2,3
suffereth,2,3,4,9
suffering,0,5,2,7
sufferings,0,10,0,10
suffice,5,1,2,8
sufficed,3,0,0,3
sufficeth,0,1,0,1
sufficiency,1,2,0,3
sufficient,5,7,5,17
sufficiently,2,0,0,2
suggestion,0,0,1,1
suit,3,0,0,3
suits,1,0,2,3
sukkiims,1,0,0,1
sum,18,3,5,26
summer,24,3,2,29
sumptuously,0,1,0,1
sums,0,0,1,1
sun,122,30,35,187
sunbeam,0,0,1,1
sunder,6,1,4,11
sundered,1,0,0,1
sundry,0,1,2,3
sung,1,4,5,10
sunk,6,1,0,7
sunrising,10,0,0,10
sup,1,2,0,3
superfluity,0,1,0,1
superfluous,2,1,1,4
superscription,0,5,0,5
superstition,0,1,1,2
superstitious,0,1,0,1
supped,0,1,1,2
supper,0,14,0,14
supplant,1,0,0,1
supplanted,1,0,0,1
supple,1,0,0,1
suppliants,1,0,0,1
supplication,34,3,12,49
supplications,18,3,1,22
supplied,0,2,0,2
supplieth,0,2,0,2
supply,0,4,0,4
support,0,2,1,3
suppose,1,9,1,11
supposed,0,8,2,10
supposing,0,7,2,9
supreme,0,1,0,1
sur,1,0,1,2
sure,27,14,11,52
surely,271,7,14,292
sureties,1,0,0,1
suretiship,1,0,2,3
surety,12,2,5,19
surfeiting,0,1,2,3
surmisings,0,1,0,1
surname,1,7,1,9
surnamed,1,7,3,11
surprised,3,0,0,3
surveyed,0,0,1,1
susa,0,0,2,2
susanchites,1,0,0,1
susanna,0,1,10,11
susi,1,0,0,1
suspected,0,0,2,2
suspecteth,0,0,2,2
suspecting,0,0,3,3
suspicion,0,0,1,1
sustain,4,0,2,6
sustained,3,0,0,3
sustenance,2,1,1,4
swaddled,2,0,0,2
swaddling,0,2,1,3
swaddlingband,1,0,0,1
swallow,22,1,1,24
swallowed,21,4,0,25
swalloweth,2,0,0,2
swallows,0,0,1,1
swam,0,0,2,2
swan,2,0,0,2
sware,70,7,7,84
swarest,5,0,0,5
swarm,2,0,0,2
swarms,4,0,0,4
sway,0,0,1,1
swear,45,12,5,62
swearers,1,0,0,1
sweareth,7,4,2,13
swearing,4,0,3,7
sweat,2,1,1,4
sweep,2,1,0,3
sweeping,1,0,0,1
sweet,97,6,21,124
sweeter,3,0,2,5
sweetly,2,0,3,5
sweetness,5,0,1,6
sweetsmelling,0,1,2,3
swell,4,0,0,4
swelled,1,0,0,1
swelling,5,2,1,8
swellings,0,1,0,1
swept,2,2,0,4
swerved,0,1,0,1
swift,16,3,6,25
swifter,6,0,0,6
swiftly,4,0,2,6
swiftness,0,0,2,2
swim,4,2,0,6
swimmest,1,0,0,1
swimmeth,1,0,0,1
swine,2,13,0,15
swine's,4,0,3,7
swollen,0,1,0,1
swoon,1,0,1,2
swooned,1,0,0,1
sword,357,27,59,443
swords,18,6,6,30
swore,0,0,1,1
sworn,44,3,4,51
sycamine,0,1,0,1
sychar,0,1,0,1
sychem,0,1,0,1
sychemite,0,0,1,1
sycomore,6,1,0,7
sycomores,1,0,0,1
syelus,0,0,1,1
syene,2,0,0,2
synagogue,0,42,0,42
synagogue's,0,2,0,2
synagogues,1,23,0,24
syntyche,0,1,0,1
syracuse,0,1,0,1
syria,63,8,13,84
syriack,1,0,0,1
syriadamascus,1,0,0,1
syriamaachah,1,0,0,1
syrian,9,1,1,11
syrians,55,0,0,55
syrophenician,0,1,0,1
taanach,6,0,0,6
taanathshiloh,1,0,0,1
tabaoth,0,0,1,1
tabbaoth,2,0,0,2
tabbath,1,0,0,1
tabeal,1,0,0,1
tabeel,1,0,0,1
tabellius,0,0,1,1
taberah,2,0,0,2
tabering,1,0,0,1
tabernacle,277,20,10,307
tabernacles,25,5,8,38
tabitha,0,2,0,2
table,59,11,13,83
tables,33,7,4,44
tablets,3,0,0,3
tabor,10,0,0,10
tabret,4,0,0,4
tabrets,5,0,1,6
tabrimon,1,0,0,1
taches,7,0,0,7
tachmonite,1,0,0,1
tackling,0,1,0,1
tacklings,1,0,0,1
tadmor,2,0,0,2
tahan,2,0,0,2
tahanites,1,0,0,1
tahapanes,1,0,0,1
tahath,5,0,0,5
tahpanhes,5,0,0,5
tahpenes,2,0,0,2
tahrea,1,0,0,1
tahtimhodshi,1,0,0,1
tail,8,1,0,9
tails,2,2,0,4
take,673,157,129,959
taken,257,67,75,399
taker,1,0,0,1
takes,0,0,1,1
takest,8,1,3,12
taketh,45,29,14,88
taking,6,14,18,38
tale,5,0,4,9
talebearer,6,0,0,6
talent,10,4,2,16
talents,29,6,18,53
tales,1,1,0,2
talitha,0,1,0,1
talk,22,2,19,43
talked,30,12,4,46
talkers,1,1,1,3
talkest,2,1,0,3
talketh,1,1,0,2
talking,5,4,3,12
tall,5,0,0,5
taller,1,0,1,2
talmai,6,0,0,6
talmon,5,0,1,6
talons,0,0,1,1
talsas,0,0,1,1
tamah,1,0,0,1
tamar,22,0,0,22
tame,0,2,0,2
tamed,0,1,0,1
tammuz,1,0,0,1
tanach,1,0,0,1
tanhumeth,2,0,0,2
tanis,0,0,1,1
tanner,0,3,0,3
tapestry,2,0,0,2
taphath,1,0,0,1
taphnes,0,0,1,1
taphon,0,0,1,1
tappuah,5,0,0,5
tarah,2,0,0,2
taralah,1,0,0,1
tare,2,2,0,4
tarea,1,0,0,1
tares,0,8,0,8
target,3,0,0,3
targets,3,0,0,3
tarpelites,1,0,0,1
tarried,18,14,1,33
tarriest,0,1,0,1
tarrieth,2,0,1,3
tarry,35,15,9,59
tarrying,2,0,1,3
tarshish,21,0,0,21
tarsus,0,5,1,6
tartak,1,0,0,1
tartan,2,0,0,2
task,2,0,0,2
taskmasters,6,0,0,6
tasks,1,0,0,1
taste,14,7,8,29
tasted,3,5,4,12
tasteth,1,0,1,2
tasting,0,0,1,1
tatnai,4,0,0,4
tattlers,0,1,0,1
taught,33,46,10,89
taunt,2,0,0,2
taunting,1,0,0,1
taverns,0,1,0,1
tax,0,0,3,3
taxation,1,0,0,1
taxed,1,3,0,4
taxes,1,0,2,3
taxing,0,2,0,2
teach,74,33,5,112
teacher,2,4,0,6
teachers,4,9,0,13
teachest,1,5,0,6
teacheth,10,5,6,21
teaching,2,23,0,25
tear,13,0,1,14
teareth,4,2,0,6
tears,24,11,5,40
teats,3,0,0,3
tebah,1,0,0,1
tebaliah,1,0,0,1
tebeth,1,0,0,1
tedious,0,1,1,2
teeth,34,11,5,50
tehaphnehes,1,0,0,1
tehinnah,1,0,0,1
teil,1,0,0,1
tekel,2,0,0,2
tekoa,6,0,0,6
tekoah,3,0,0,3
tekoite,3,0,0,3
tekoites,2,0,0,2
telabib,1,0,0,1
telah,1,0,0,1
telaim,1,0,0,1
telassar,1,0,0,1
telem,2,0,0,2
telharesha,1,0,0,1
telharsa,1,0,0,1
tell,129,79,37,245
tellest,1,0,0,1
telleth,6,1,1,8
telling,3,0,1,4
telmelah,2,0,0,2
tema,5,0,0,5
teman,11,0,0,11
temani,1,0,0,1
temanite,6,0,0,6
temanites,1,0,0,1
temeni,1,0,0,1
temper,1,0,0,1
temperance,0,3,1,4
temperate,0,3,0,3
tempered,2,1,1,4
tempering,0,0,1,1
tempest,13,5,5,23
tempests,0,0,1,1
tempestuous,3,1,0,4
temple,76,106,122,304
temples,7,2,3,12
temporal,0,1,0,1
tempt,5,9,2,16
temptation,1,14,4,19
temptations,3,5,0,8
tempted,8,14,1,23
tempter,0,2,0,2
tempteth,0,1,1,2
tempting,0,7,0,7
ten,196,27,28,251
ten's,1,0,0,1
tend,1,0,0,1
tender,35,4,1,40
tendered,0,0,1,1
tenderhearted,1,1,0,2
tenderness,1,0,0,1
tendeth,5,0,0,5
tenons,4,0,0,4
tenor,2,0,0,2
tens,3,0,1,4
tent,88,0,22,110
tenth,63,5,6,74
tenths,0,0,4,4
tentmakers,0,1,0,1
tents,64,0,23,87
terah,9,0,0,9
teraphim,6,0,0,6
teresh,2,0,0,2
term,0,0,1,1
termed,1,0,0,1
terraces,1,0,0,1
terrestrial,0,1,0,1
terrible,51,1,7,59
terribleness,3,0,0,3
terribly,3,0,0,3
terrified,1,3,2,6
terrifiest,1,0,0,1
terrify,3,1,1,5
terror,26,3,3,32
terrors,15,0,2,17
tertius,0,1,0,1
tertullus,0,2,0,2
testament,0,13,1,14
testator,0,2,0,2
testified,10,14,2,26
testifiedst,2,0,0,2
testifieth,1,4,0,5
testify,14,15,3,32
testifying,0,3,0,3
testimonies,36,0,3,39
testimony,42,31,2,75
teta,0,0,1,1
tetrarch,0,5,0,5
tha,0,0,1,1
thaddaeus,0,2,0,2
thahash,1,0,0,1
thamah,1,0,0,1
thamar,0,1,0,1
thamnatha,0,0,1,1
than,298,127,140,565
thank,7,19,3,29
thanked,1,2,2,5
thankful,1,2,0,3
thankfulness,0,1,2,3
thanking,1,0,0,1
thanks,35,36,18,89
thanksgiving,19,8,11,38
thanksgivings,1,1,0,2
thankworthy,0,1,0,1
thara,0,1,0,1
tharra,0,0,1,1
tharshish,3,0,0,3
thassi,0,0,1,1
that,6988,2909,2147,12044
the,18634,5458,4177,28269
theatre,0,2,0,2
thebez,2,0,0,2
thecoe,0,0,1,1
thee,2349,387,426,3162
thee-ward,1,0,0,1
theft,2,0,2,4
thefts,0,3,0,3
their,2364,418,696,3478
their's,9,2,3,14
theirs,5,2,0,7
thelasar,1,0,0,1
thelersas,0,0,1,1
them,3536,1427,1110,6073
theman,0,0,2,2
themselves,287,100,100,487
then,1536,580,490,2606
thence,101,38,17,156
thenceforth,2,2,0,4
theocanus,0,0,1,1
theodotus,0,0,1,1
theophilus,0,2,0,2
theras,0,0,2,2
there,1550,533,413,2496
thereabout,0,1,1,2
thereafter,0,0,1,1
thereat,2,1,2,5
thereby,15,6,7,28
therefore,870,350,248,1468
therefrom,3,0,0,3
therein,189,28,46,263
thereinto,0,1,0,1
thereof,667,38,114,819
thereon,46,15,2,63
thereout,2,0,0,2
therethrough,0,0,1,1
thereto,18,2,4,24
thereunto,5,4,9,18
thereupon,3,2,7,12
therewith,32,4,14,50
therewithal,0,0,2,2
therewithall,0,0,2,2
therin,1,0,0,1
thermeleth,0,0,1,1
therof,1,0,0,1
these,776,371,245,1392
thessalonians,0,3,0,3
thessalonica,0,6,0,6
theudas,0,1,0,1
they,3983,1485,1170,6638
thick,38,1,3,42
thicker,2,0,0,2
thickest,0,0,1,1
thicket,2,0,0,2
thickets,4,0,0,4
thickness,4,0,0,4
thief,13,15,3,31
thieves,4,12,2,18
thigh,18,1,2,21
thighs,3,0,0,3
thimnathah,1,0,0,1
thin,9,0,1,10
thine,748,71,146,965
thing,397,117,89,603
things,403,620,415,1438
things',0,1,0,1
think,18,44,28,90
thinkest,3,6,3,12
thinketh,3,3,2,8
thinking,2,0,7,9
third,110,49,20,179
thirdly,0,1,1,2
thirst,20,11,8,39
thirsted,2,0,0,2
thirsteth,4,0,0,4
thirsting,0,0,1,1
thirsty,14,3,7,24
thirteen,15,0,0,15
thirteenth,11,0,3,14
thirtieth,9,0,4,13
thirty,155,9,20,184
thirtyfold,0,2,0,2
this,1797,753,387,2937
thisbe,0,0,1,1
thistle,3,0,0,3
thistles,2,1,0,3
thither,79,15,7,101
thitherward,2,1,0,3
thomas,0,12,0,12
thomoi,0,0,1,1
thongs,0,1,0,1
thorn,6,1,1,8
thorns,34,13,3,50
thoroughly,3,0,0,3
those,301,140,168,609
thou,3262,619,682,4563
though,132,78,42,252
thought,48,32,48,128
thoughtest,1,0,0,1
thoughts,40,13,17,70
thousand,352,42,107,501
thousands,50,3,7,60
thousandth,0,0,1,1
thracia,0,0,1,1
thraseas,0,0,1,1
thread,7,0,0,7
threaten,0,1,2,3
threatened,0,2,1,3
threateneth,0,0,1,1
threatening,0,1,1,2
threatenings,0,2,0,2
three,360,66,77,503
threefold,1,0,0,1
threescore,83,8,18,109
thresh,4,0,0,4
threshed,3,0,0,3
thresheth,0,1,0,1
threshing,10,0,1,11
threshingfloor,17,0,0,17
threshingfloors,2,0,0,2
threshingplace,1,0,0,1
threshold,13,0,0,13
thresholds,3,0,0,3
threw,3,3,1,7
threwest,1,0,0,1
thrice,4,10,2,16
thrive,0,0,1,1
throat,5,2,0,7
throne,116,43,19,178
thrones,4,4,5,13
throng,0,2,2,4
thronged,0,2,0,2
thronging,0,1,0,1
through,253,174,106,533
throughly,6,4,0,10
throughout,132,28,15,175
throw,9,0,2,11
throwing,1,0,0,1
thrown,14,5,3,22
thrust,33,16,4,53
thrusteth,1,0,0,1
thumb,6,0,0,6
thumbs,3,0,0,3
thummim,5,0,1,6
thunder,16,3,5,24
thunderbolts,1,0,2,3
thundered,3,1,2,6
thundereth,3,0,0,3
thunderings,2,4,0,6
thunders,3,3,1,7
thus,666,41,78,785
thy,2732,311,538,3581
thyatira,0,4,0,4
thyine,0,1,0,1
thyself,145,50,60,255
tiberias,0,3,0,3
tiberius,0,1,0,1
tibhath,1,0,0,1
tibni,2,0,0,2
tidal,2,0,0,2
tidings,33,8,2,43
tie,2,0,0,2
tied,3,4,1,8
tiglathpileser,3,0,0,3
tigris,0,0,3,3
tikvah,2,0,0,2
tikvath,1,0,0,1
tile,1,0,0,1
tilgathpilneser,3,0,0,3
tiling,0,1,0,1
till,112,53,57,222
tillage,3,0,0,3
tilled,2,0,1,3
tiller,1,0,0,1
tillest,1,0,0,1
tilleth,2,0,1,3
tilon,1,0,0,1
timaeus,0,1,0,1
timber,25,0,3,28
timbrel,5,0,0,5
timbrels,5,0,2,7
time,403,163,221,787
times,114,27,37,178
timna,4,0,0,4
timnah,5,0,0,5
timnath,6,0,0,6
timnathheres,1,0,0,1
timnathserah,2,0,0,2
timnite,1,0,0,1
timon,0,1,0,1
timorous,0,0,1,1
timotheus,0,17,18,35
timothy,0,7,0,7
tin,5,0,1,6
tingle,3,0,0,3
tinkling,2,1,0,3
tip,7,1,0,8
tiphsah,2,0,0,2
tiras,2,0,0,2
tirathites,1,0,0,1
tire,1,0,2,3
tired,1,0,1,2
tires,2,0,0,2
tirhakah,2,0,0,2
tirhanah,1,0,0,1
tiria,1,0,0,1
tirshatha,5,0,0,5
tirzah,17,0,0,17
tishbite,6,0,0,6
titans,0,0,1,1
tithe,11,2,0,13
tithes,16,5,3,24
tithing,1,0,0,1
title,1,2,0,3
titles,2,0,0,2
tittle,0,2,0,2
titus,0,12,1,13
tizite,1,0,0,1
to,7206,2477,2000,11683
toah,1,0,0,1
tob,2,0,0,2
tobadonijah,1,0,0,1
tobiah,14,0,0,14
tobias,0,0,31,31
tobias',0,0,1,1
tobie,0,0,1,1
tobiel,0,0,1,1
tobijah,3,0,0,3
tobit,0,0,20,20
tobit's,0,0,2,2
tochen,1,0,0,1
today,2,0,0,2
toe,6,0,0,6
toes,7,0,0,7
togarmah,4,0,0,4
together,335,134,141,610
tohu,1,0,0,1
toi,2,0,0,2
toil,2,2,3,7
toiled,0,1,0,1
toiling,0,1,0,1
token,10,4,5,19
tokens,7,0,7,14
tola,5,0,0,5
tolad,1,0,0,1
tolaites,1,0,0,1
tolbanes,0,0,1,1
told,211,60,44,315
tolerable,0,6,0,6
toll,3,0,0,3
tomb,1,2,1,4
tombs,0,6,0,6
tomorrow,1,0,0,1
tongs,6,0,0,6
tongue,95,31,45,171
tongues,9,25,2,36
too,47,1,9,57
took,573,162,160,894
tookest,2,0,3,5
tool,4,0,0,4
tooth,5,1,0,6
tooth's,1,0,0,1
top,80,4,5,89
topaz,4,1,0,5
tophel,1,0,0,1
tophet,8,0,0,8
topheth,1,0,0,1
tops,11,0,5,16
torch,1,0,1,2
torches,2,1,0,3
torment,0,10,8,18
tormented,0,8,9,17
tormentor,0,0,1,1
tormentors,0,1,0,1
torments,0,2,7,9
torn,15,1,3,19
torrents,0,0,1,1
tortoise,1,0,0,1
torture,0,0,1,1
tortured,0,1,0,1
tortures,0,0,2,2
toss,2,0,0,2
tossed,3,4,0,7
tossings,1,0,0,1
tottering,1,0,0,1
tou,2,0,0,2
touch,32,16,5,53
touched,23,23,3,49
toucheth,36,2,1,39
touching,13,17,12,42
tow,3,0,2,5
toward,233,52,63,348
towel,0,2,0,2
tower,39,4,30,73
towers,17,0,15,32
town,5,7,5,17
townclerk,0,1,0,1
towns,21,4,5,30
trace,0,0,2,2
traceth,0,0,1,1
trachonitis,0,1,0,1
trade,4,1,0,5
traded,4,1,0,5
trading,0,1,0,1
tradition,0,11,0,11
traditions,0,2,0,2
traffick,5,0,0,5
traffickers,1,0,0,1
train,3,0,3,6
trained,1,0,0,1
training,0,0,1,1
trains,0,0,1,1
traiterously,0,0,1,1
traitor,0,1,6,7
traitors,0,1,1,2
trample,2,1,0,3
trance,2,3,1,6
trances,0,0,1,1
tranquillity,1,0,0,1
transferred,0,1,0,1
transfigured,0,2,0,2
transformed,0,3,0,3
transforming,0,1,0,1
transgress,11,3,9,23
transgressed,33,1,7,41
transgressest,1,0,0,1
transgresseth,2,2,1,5
transgressing,2,0,1,3
transgressings,0,0,1,1
transgression,44,6,0,50
transgressions,45,2,1,48
transgressor,3,2,0,5
transgressors,16,3,1,20
translate,1,0,0,1
translated,0,2,5,7
translation,0,1,0,1
transparent,0,1,0,1
trap,3,1,1,5
traps,1,0,0,1
travail,25,5,9,39
travailed,5,0,0,5
travailest,0,1,0,1
travaileth,6,1,2,9
travailing,2,1,0,3
travails,0,0,1,1
travel,0,2,4,6
travelled,0,1,4,5
traveller,2,0,1,3
travellers,1,0,1,2
travelleth,2,0,0,2
travelling,2,1,1,4
travels,0,0,1,1
traversing,1,0,0,1
treacherous,8,0,1,9
treacherously,18,0,1,19
treachery,1,0,3,4
tread,31,2,4,37
treader,1,0,0,1
treaders,1,0,0,1
treadeth,7,3,1,11
treading,4,0,0,4
treason,3,0,1,4
treasure,21,14,12,47
treasured,1,0,0,1
treasurer,2,0,3,5
treasurers,4,0,2,6
treasures,50,5,11,66
treasurest,0,1,0,1
treasuries,9,0,0,9
treasury,3,5,11,19
treat,0,0,1,1
treated,0,0,1,1
treatise,0,1,0,1
tred,0,0,1,1
tree,129,40,19,188
trees,125,11,15,151
tremble,28,1,5,34
trembled,17,3,4,24
trembleth,4,0,1,5
trembling,17,8,6,31
trench,7,1,0,8
trespass,70,3,2,75
trespassed,15,0,2,17
trespasses,3,8,0,11
trespassing,2,0,0,2
trial,2,4,8,14
tribe,191,11,21,223
tribes,104,7,12,123
tribulation,3,19,5,27
tribulations,1,3,0,4
tribunes,0,0,2,2
tributaries,4,0,1,5
tributary,1,0,0,1
tribute,26,9,12,47
tributes,0,0,8,8
trickleth,1,0,0,1
tried,13,6,10,29
triest,3,0,0,3
trieth,4,1,1,6
trimmed,1,1,0,2
trimmest,1,0,0,1
tripolis,0,0,1,1
triumph,9,1,2,12
triumphed,2,0,1,3
triumpheth,0,0,1,1
triumphing,1,1,0,2
troas,0,6,0,6
trod,0,0,1,1
trodden,20,5,6,31
trode,7,1,0,8
trogyllium,0,1,0,1
troop,13,0,1,14
troops,6,0,2,8
trophimus,0,3,0,3
trouble,92,17,31,140
troubled,45,23,35,103
troubledst,1,0,1,2
troubler,1,0,0,1
troubles,11,1,8,20
troublesome,0,0,1,1
troublest,0,1,0,1
troubleth,8,2,0,10
troubling,1,1,1,3
troublous,1,0,0,1
trough,1,0,0,1
troughs,2,0,0,2
trow,0,1,0,1
trucebreakers,0,1,0,1
true,27,50,17,94
truly,23,18,6,47
trump,0,2,0,2
trumpet,51,9,2,62
trumpeters,3,1,0,4
trumpets,42,2,17,61
trust,107,27,35,169
trusted,21,7,1,29
trustedst,3,0,0,3
trustest,6,0,2,8
trusteth,16,1,2,19
trusting,1,0,2,3
trusty,1,0,1,2
truth,114,108,41,263
truth's,1,1,0,2
try,13,4,8,25
trying,0,1,0,1
tryphena,0,1,0,1
tryphon,0,0,20,20
tryphone,0,0,1,1
tryphosa,0,1,0,1
tubal,8,0,0,8
tubalcain,1,0,0,1
tubieni,0,0,1,1
tumbled,1,0,1,2
tumult,12,4,3,19
tumults,1,2,1,4
tumultuous,3,0,0,3
tune,0,0,2,2
tunes,0,0,1,1
turn,246,25,49,320
turned,242,37,49,328
turnest,3,0,0,3
turneth,32,0,7,39
turning,11,7,7,25
turns,0,0,2,2
turpentine,0,0,1,1
turtle,2,0,0,2
turtledove,3,0,0,3
turtledoves,6,1,0,7
turtles,3,0,0,3
tutors,0,1,0,1
twain,5,9,1,15
twelfth,19,1,7,27
twelve,102,62,21,185
twelves,0,0,1,1
twentieth,34,0,10,44
twenty,251,11,45,307
twenty's,1,0,0,1
twice,13,4,5,22
twigs,2,0,0,2
twilight,9,0,0,9
twined,21,0,0,21
twinkling,0,1,0,1
twins,6,0,0,6
twisted,0,0,1,1
two,578,125,116,819
two-edged,2,0,0,2
twoedged,0,2,0,2
twofold,0,1,0,1
tychicus,0,5,0,5
tyrannus,0,1,0,1
tyranny,0,0,2,2
tyrant,0,0,3,3
tyrants,0,0,1,1
tyre,24,12,1,37
tyrians,0,0,1,1
tyrus,20,0,8,28
ucal,1,0,0,1
uel,1,0,0,1
ugly,0,0,1,1
ulai,2,0,0,2
ulam,4,0,0,4
ulla,1,0,0,1
ummah,1,0,0,1
unable,0,0,5,5
unaccustomed,1,0,0,1
unadvised,0,0,1,1
unadvisedly,1,0,1,2
unawares,8,4,2,14
unbelief,0,16,0,16
unbelievers,0,4,0,4
unbelieving,0,5,1,6
unblameable,0,2,0,2
unblameably,0,1,0,1
unburied,0,0,1,1
uncertain,0,2,2,4
uncertainly,0,1,0,1
unchangeable,0,1,1,2
uncircumcised,34,5,4,43
uncircumcision,0,14,0,14
uncle,10,0,0,10
uncle's,6,0,0,6
unclean,128,30,6,164
uncleaness,0,0,2,2
uncleanness,24,11,5,40
uncleannesses,1,0,0,1
unclothed,0,1,0,1
uncomely,0,2,0,2
uncomfortable,0,0,1,1
uncondemned,0,2,0,2
uncorrupt,0,0,1,1
uncorruptible,0,1,0,1
uncorruptness,0,1,0,1
uncover,22,0,1,23
uncovered,14,3,2,19
uncovereth,3,0,0,3
unction,0,1,0,1
undefiled,3,4,8,15
under,275,74,53,402
undergirding,0,1,0,1
underhand,0,0,1,1
underling,0,0,1,1
undermine,0,0,2,2
undermined,0,0,1,1
underneath,3,0,0,3
undersetters,2,0,0,2
understand,61,28,26,115
understandest,3,1,0,4
understandeth,6,5,1,12
understanding,134,22,86,242
understood,18,18,8,44
undertake,1,0,2,3
undertaketh,0,0,2,2
undertook,1,0,2,3
underwritten,0,0,2,2
undo,2,0,0,2
undone,3,2,1,6
undressed,2,0,1,3
uneasy,0,0,1,1
unequal,2,0,0,2
unequally,0,1,0,1
unfaithful,1,0,1,2
unfaithfully,1,0,0,1
unfaithfulness,0,0,2,2
unfeigned,0,4,2,6
unfeignedly,0,0,1,1
unfruitful,0,6,1,7
ungirded,1,0,0,1
ungodliness,0,4,3,7
ungodly,14,10,56,80
ungracious,0,0,3,3
unhappy,0,0,3,3
unholy,1,3,0,4
unicorn,6,0,0,6
unicorns,3,0,0,3
unite,1,0,0,1
united,1,0,0,1
uniting,0,0,1,1
unity,1,2,1,4
unjust,5,10,10,25
unjustly,2,0,5,7
unknown,0,9,4,13
unlade,0,1,0,1
unlawful,0,2,2,4
unlearned,0,6,2,8
unleavened,41,9,2,52
unless,7,1,4,12
unlooked,0,0,1,1
unloose,0,3,0,3
unmarried,0,4,0,4
unmeasurable,0,0,2,2
unmerciful,0,1,2,3
unmindful,1,0,1,2
unmoveable,0,2,0,2
unnecessary,0,0,1,1
unni,3,0,0,3
unnurtured,0,0,1,1
unoccupied,1,0,0,1
unpassable,0,0,1,1
unperfect,1,0,0,1
unpleasant,0,0,2,2
unprepared,0,1,0,1
unprofitable,1,6,6,13
unprofitableness,0,1,0,1
unpunished,9,0,4,13
unquenchable,0,2,0,2
unquietness,0,0,1,1
unreasonable,0,2,1,3
unrebukable,0,1,0,1
unreproveable,0,1,0,1
unright,0,0,1,1
unrighteous,5,4,18,27
unrighteously,1,0,2,3
unrighteousness,4,16,13,33
unripe,1,0,0,1
unruly,0,4,1,5
unsatiable,1,0,3,4
unsavoury,2,0,0,2
unsearchable,3,2,3,8
unseasonable,0,0,1,1
unseemly,0,2,0,2
unshod,1,0,0,1
unskilful,0,1,0,1
unsown,0,0,1,1
unspeakable,0,3,2,5
unspotted,0,1,2,3
unstable,1,3,0,4
unstopped,1,0,0,1
untaken,0,1,0,1
untaught,0,0,1,1
untempered,5,0,0,5
unthankful,0,2,3,5
until,292,58,45,395
untimely,3,1,2,6
unto,5292,2068,966,8326
untoward,0,1,0,1
unwalled,3,0,0,3
unwashen,0,3,0,3
unweighed,1,0,0,1
unwillingly,0,0,1,1
unwise,2,2,9,13
unwittingly,3,0,0,3
unworthily,0,2,1,3
unworthy,0,2,3,5
up,1780,384,387,2551
upbraid,1,1,3,5
upbraided,0,1,0,1
upbraideth,0,1,3,4
upbraiding,0,0,3,3
upharsin,1,0,0,1
uphaz,2,0,0,2
upheld,1,0,1,2
uphold,8,0,0,8
upholden,2,0,0,2
upholder,0,0,1,1
upholdest,1,0,0,1
upholdeth,4,0,0,4
upholding,0,1,2,3
upon,2050,243,535,2828
upper,18,7,4,29
uppermost,3,3,0,6
upright,65,1,4,70
uprightly,11,1,4,16
uprightness,18,0,1,19
uprising,1,0,0,1
uproar,1,7,4,12
uproars,0,0,1,1
upside,4,1,1,6
upward,59,0,1,60
ur,5,0,0,5
urbane,0,1,0,1
urge,0,1,0,1
urged,6,0,0,6
urgent,2,0,0,2
urging,0,0,1,1
uri,7,0,0,7
uriah,22,0,0,22
uriah's,1,0,0,1
urias,0,1,1,2
uriel,4,0,4,8
urijah,10,0,0,10
urim,7,0,1,8
us,687,403,268,1358
us-ward,1,2,0,3
use,16,19,33,68
used,11,10,9,30
uses,0,1,5,6
usest,1,0,0,1
useth,6,1,3,10
using,0,2,0,2
usual,0,0,1,1
usurer,1,0,0,1
usurp,0,1,0,1
usurped,0,0,2,2
usury,15,2,0,17
uta,0,0,1,1
uthai,2,0,0,2
uthi,0,0,1,1
utmost,10,1,6,17
utter,41,3,3,47
utterance,0,5,1,6
uttered,12,4,4,20
uttereth,9,0,0,9
uttering,1,0,1,2
utterly,93,3,15,111
uttermost,19,7,1,27
uz,7,0,0,7
uzai,1,0,0,1
uzal,2,0,0,2
uzza,10,0,0,10
uzzah,4,0,0,4
uzzensherah,1,0,0,1
uzzi,11,0,0,11
uzzia,1,0,0,1
uzziah,26,0,0,26
uzziel,16,0,0,16
uzzielites,2,0,0,2
vagabond,2,1,0,3
vagabonds,1,0,0,1
vail,31,4,0,35
vails,1,0,0,1
vain,69,33,23,125
vainglory,0,1,0,1
vainly,0,1,0,1
vajezatha,1,0,0,1
vale,9,0,0,9
valiant,29,1,13,43
valiantest,1,0,0,1
valiantly,6,0,4,10
valiantness,0,0,1,1
valley,125,1,8,134
valleys,28,0,4,32
valour,37,0,3,40
value,3,3,2,8
valued,3,1,1,5
valuest,1,0,0,1
vaniah,1,0,0,1
vanish,2,2,3,7
vanished,1,1,1,3
vanisheth,1,1,0,2
vanities,11,1,0,12
vanity,76,3,0,79
vapour,2,2,4,8
vapours,4,0,1,5
variableness,0,1,0,1
variance,0,2,1,3
variety,0,0,4,4
vashni,1,0,0,1
vashti,10,0,0,10
vats,1,0,0,1
vault,0,0,1,1
vaunt,1,0,1,2
vaunteth,0,1,0,1
vaunting,0,0,2,2
vehemency,0,0,3,3
vehement,2,1,0,3
vehemently,0,5,1,6
veil,1,6,2,9
veils,0,0,1,1
vein,1,0,0,1
vengeance,32,7,27,66
venison,8,0,1,9
venom,1,0,1,2
venomous,0,1,1,2
vent,1,0,0,1
venture,2,0,0,2
verified,3,0,0,3
verily,14,99,3,116
verity,1,1,0,2
vermilion,2,0,1,3
verses,0,0,1,1
very,200,46,109,355
vessel,30,11,12,53
vessels,122,10,40,172
vestments,1,0,5,6
vestry,1,0,0,1
vesture,3,5,0,8
vestures,1,0,0,1
vex,14,1,2,17
vexation,14,0,0,14
vexations,1,0,0,1
vexed,16,6,11,33
vial,1,7,0,8
vials,0,5,2,7
vice,0,0,1,1
victory,6,6,18,30
victual,5,0,1,6
victuals,15,2,15,32
view,4,0,1,5
viewed,4,0,1,5
vieweth,0,0,1,1
vigilant,0,2,0,2
vile,16,3,5,24
vilely,1,0,0,1
viler,1,0,0,1
vilest,1,0,0,1
village,0,10,0,10
villages,61,7,5,73
villany,2,0,0,2
vine,49,9,3,61
vinedressers,4,0,0,4
vinegar,5,6,0,11
vines,11,0,0,11
vineyard,37,22,2,61
vineyards,44,0,2,46
vintage,9,0,2,11
viol,2,0,0,2
violated,1,0,0,1
violence,48,8,11,67
violent,9,1,3,13
violently,7,3,4,14
viols,2,0,1,3
viper,2,1,0,3
viper's,1,0,0,1
vipers,0,4,0,4
virgin,26,7,4,37
virgin's,0,1,0,1
virginity,8,1,2,11
virgins,16,6,6,28
virtue,0,6,8,14
virtues,0,0,2,2
virtuous,3,0,5,8
virtuously,1,0,0,1
visage,3,0,1,4
visible,0,1,0,1
vision,58,15,16,89
visions,22,2,4,28
visit,32,4,7,43
visitation,13,2,5,20
visited,18,5,1,24
visitest,2,1,1,4
visiteth,1,0,0,1
visiting,4,0,2,6
vocation,0,1,0,1
voice,343,113,68,524
voices,2,14,5,21
void,19,4,6,29
volume,1,1,1,3
voluntarily,1,0,1,2
voluntary,3,1,0,4
voluptuousness,0,0,1,1
vomit,7,1,1,9
vomited,1,0,0,1
vomiteth,1,0,0,1
vophsi,1,0,0,1
vow,33,2,7,42
vowed,17,0,8,25
vowedst,1,0,0,1
vowest,2,0,0,2
voweth,1,0,0,1
vows,28,0,2,30
voyage,0,1,2,3
vulture,2,0,0,2
vulture's,1,0,0,1
vultures,1,0,0,1
wafer,3,0,0,3
wafers,5,0,0,5
wag,3,0,0,3
wages,12,5,10,27
wagging,0,2,0,2
wagon,1,0,0,1
wagons,9,0,0,9
wail,2,1,1,4
wailed,0,1,0,1
wailing,11,4,0,15
wait,85,16,24,125
waited,27,7,2,36
waiters,0,0,1,1
waiteth,9,2,1,12
waiting,2,6,0,8
waitingwoman,0,0,2,2
wake,3,1,0,4
waked,1,0,0,1
waken,0,0,1,1
wakened,2,0,0,2
wakeneth,1,0,0,1
waketh,2,0,2,4
waking,1,0,0,1
walk,140,63,8,211
walked,100,20,14,134
walkedst,0,1,0,1
walkest,4,3,2,9
walketh,33,7,0,40
walking,14,16,2,32
wall,153,10,15,178
walled,4,0,0,4
wallow,4,0,1,5
wallowed,1,1,0,2
wallowing,0,1,0,1
walls,62,1,36,99
wand,0,0,1,1
wander,14,0,2,16
wandered,8,2,2,12
wanderers,2,0,0,2
wanderest,1,0,0,1
wandereth,5,0,0,5
wandering,4,2,1,7
wanderings,1,0,0,1
want,25,5,7,37
wanted,1,2,1,4
wantest,0,0,1,1
wanteth,7,0,3,10
wanting,4,3,3,10
wanton,1,2,0,3
wantonness,0,2,1,3
wants,1,1,0,2
war,205,15,60,280
ward,17,1,2,20
wardrobe,2,0,0,2
wards,3,0,1,4
ware,3,3,1,7
wares,5,0,0,5
warfare,2,3,0,5
wariness,0,0,1,1
warlike,0,0,3,3
warm,8,0,2,10
warmed,1,4,1,6
warmeth,2,0,0,2
warming,0,1,0,1
warn,8,3,0,11
warned,4,6,1,11
warnest,0,0,1,1
warning,6,1,2,9
warp,9,0,0,9
warred,9,0,0,9
warreth,0,1,0,1
warring,2,1,0,3
warrior,1,0,2,3
warriors,2,0,0,2
wars,9,4,14,27
wary,0,0,1,1
was,2565,1065,739,4369
wash,70,13,3,86
washed,26,17,3,46
washest,1,0,0,1
washeth,0,0,1,1
washing,5,5,2,12
washings,0,1,0,1
washpot,2,0,0,2
wasps,0,0,1,1
wast,49,8,14,71
waste,60,2,13,75
wasted,12,3,5,20
wasteness,1,0,0,1
waster,2,0,0,2
wastes,7,0,0,7
wasteth,3,0,1,4
wasting,2,0,0,2
watch,28,29,14,71
watched,4,8,6,18
watcher,2,0,0,2
watchers,2,0,0,2
watches,5,0,2,7
watcheth,2,1,3,6
watchful,0,1,0,1
watching,3,3,4,10
watchings,0,2,0,2
watchman,16,0,0,16
watchman's,1,0,0,1
watchmen,12,0,2,14
watchtower,2,0,0,2
watchword,0,0,2,2
water,301,62,63,426
watercourse,2,0,0,2
watered,10,1,1,12
wateredst,1,0,0,1
waterest,2,0,0,2
watereth,3,2,0,5
waterflood,1,0,0,1
watering,2,1,0,3
waterpot,0,1,0,1
waterpots,0,2,0,2
waters,243,15,22,280
waterspouts,1,0,0,1
watersprings,2,0,0,2
watery,0,0,2,2
wave,21,1,2,24
waved,6,0,0,6
wavereth,0,1,0,1
wavering,0,2,1,3
waves,20,6,7,33
wax,18,5,8,31
waxed,28,8,3,39
waxen,11,0,3,14
waxeth,1,1,2,4
waxing,0,1,0,1
way,478,130,91,699
wayfaring,6,0,0,6
waymarks,1,0,0,1
ways,178,20,46,244
wayside,2,0,0,2
we,686,630,259,1575
weak,16,27,14,57
weaken,1,0,0,1
weakened,3,0,2,5
weakeneth,2,0,0,2
weaker,1,1,1,3
weakness,0,7,1,8
wealth,25,2,4,31
wealthy,2,0,0,2
weaned,9,0,0,9
weapon,8,0,1,9
weapons,19,2,20,41
wear,10,2,6,18
weareth,0,1,2,3
wearied,10,2,1,13
wearieth,2,0,0,2
weariness,2,1,0,3
wearing,1,2,0,3
wearisome,1,0,2,3
weary,38,3,7,48
weasel,1,0,0,1
weather,2,2,3,7
weave,2,0,0,2
weaver,2,0,0,2
weaver's,5,0,0,5
weavest,1,0,0,1
web,4,0,0,4
webs,1,0,0,1
wedding,0,7,6,13
wedge,3,0,0,3
wedlock,1,0,1,2
weed,0,0,1,1
weeds,1,0,0,1
week,3,9,0,12
weeks,13,0,3,16
weening,0,0,1,1
weep,30,15,8,53
weepest,1,2,1,4
weepeth,4,0,1,5
weeping,28,13,13,54
weigh,6,0,5,11
weighed,17,0,5,22
weigheth,2,0,1,3
weighing,2,0,0,2
weight,47,4,8,59
weightier,0,1,0,1
weights,6,0,1,7
weighty,1,1,1,3
welcome,0,0,2,2
welfare,7,0,2,9
well,172,72,75,319
well's,5,0,0,5
well-beloved,1,1,0,2
wellbeloved,1,2,0,3
wellfavoured,1,0,0,1
wellpleasing,0,2,0,2
wells,10,1,2,13
wellspring,2,0,0,2
wen,1,0,0,1
wench,1,0,0,1
went,958,331,237,1526
wentest,13,1,0,14
wept,55,13,15,83
were,1650,664,588,2902
wert,2,3,1,6
west,59,6,6,71
western,1,0,0,1
westward,26,0,2,28
wet,6,0,0,6
whale,2,0,0,2
whale's,0,1,0,1
whales,1,0,2,3
what,512,370,164,1046
whatsoever,76,63,24,163
whe,0,0,1,1
wheat,39,12,4,55
wheaten,1,0,0,1
wheel,12,0,1,13
wheels,25,0,0,25
whelp,3,0,1,4
whelps,10,0,0,10
when,1724,936,577,3237
whence,37,32,13,82
whensoever,1,2,4,7
where,241,125,104,470
whereabout,1,0,0,1
whereas,27,6,33,66
whereat,0,0,1,1
whereby,22,15,12,49
wherefore,240,104,114,458
wherein,126,37,37,200
whereinsoever,0,1,0,1
whereinto,2,1,0,3
whereof,45,27,38,110
whereon,21,5,1,27
whereout,0,0,1,1
wheresoever,6,6,10,22
wherethrough,0,0,2,2
whereto,2,1,2,5
whereunto,9,18,2,29
whereupon,12,5,35,52
wherewith,90,17,10,117
wherewithal,1,1,2,4
whet,4,0,0,4
whether,88,60,15,163
which,2554,1326,552,4432
while,111,94,30,235
whiles,6,3,6,15
whilst,6,3,7,16
whip,2,0,1,3
whips,4,0,1,5
whirleth,1,0,0,1
whirlwind,25,0,3,28
whirlwinds,2,0,0,2
whisper,2,0,1,3
whispered,1,0,0,1
whisperer,1,0,3,4
whisperers,0,1,0,1
whisperings,0,1,0,1
whistling,0,0,2,2
whit,2,3,0,5
white,40,26,3,69
whited,0,2,0,2
whiteness,0,0,6,6
whiter,2,0,0,2
whither,100,19,2,121
whithersoever,22,6,2,30
who,507,358,299,1164
whoever,1,0,0,1
whole,151,89,66,306
wholesome,1,1,0,2
wholly,26,3,5,34
whom,412,285,120,817
whomsoever,9,11,0,20
whore,10,4,2,16
whore's,1,0,0,1
whoredom,22,0,5,27
whoredoms,26,0,0,26
whoremonger,0,1,1,2
whoremongers,0,4,0,4
whores,2,0,0,2
whoring,18,0,1,19
whorish,3,0,0,3
whose,219,74,58,351
whoso,43,11,22,76
whosoever,69,93,15,177
why,163,98,23,284
wicked,302,23,88,413
wickedly,23,0,9,32
wickedness,110,9,45,164
wide,14,1,3,18
wideness,1,0,0,1
widow,36,13,11,60
widow's,5,0,2,7
widowers,0,0,1,1
widowhood,4,0,4,8
widows,12,9,3,24
widows',0,3,0,3
wife,288,72,54,414
wife's,8,3,0,11
wild,32,7,10,49
wilderness,258,35,22,315
wiles,1,1,0,2
wilful,0,0,2,2
wilfully,0,1,1,2
wilily,1,0,0,1
will,2384,471,452,3307
willed,0,0,1,1
willeth,0,1,0,1
willing,12,19,10,41
willingly,17,6,2,25
willow,1,0,0,1
willows,5,0,0,5
wilt,171,37,22,230
wimples,1,0,0,1
win,1,1,1,3
wind,87,26,22,135
winding,2,0,0,2
window,14,2,1,17
windows,26,0,2,28
winds,11,11,8,30
windy,1,0,0,1
wine,183,29,36,248
winebibber,0,2,0,2
winebibbers,1,0,0,1
winefat,1,1,0,2
winepress,10,4,1,15
winepresses,3,0,0,3
wines,1,0,0,1
wing,6,0,5,11
winged,2,0,0,2
wings,59,5,13,77
wink,2,0,2,4
winked,0,1,0,1
winkest,0,0,1,1
winketh,2,0,1,3
winneth,1,0,0,1
winning,0,0,1,1
winnow,0,0,1,1
winnowed,1,0,0,1
winnoweth,1,0,0,1
winter,6,7,1,14
winter's,0,0,1,1
wintered,0,1,0,1
winterhouse,1,0,0,1
wipe,3,5,2,10
wiped,1,3,1,5
wipeth,2,0,0,2
wiping,1,0,0,1
wires,1,0,0,1
wisdom,172,50,123,345
wise,183,54,68,305
wisely,13,1,1,15
wiser,6,2,1,9
wisest,0,0,2,2
wish,3,3,2,8
wished,1,1,1,3
wisheth,0,0,1,1
wishing,1,0,0,1
wist,7,6,0,13
wit,18,3,9,30
wit's,1,0,0,1
witch,2,0,0,2
witchcraft,2,1,0,3
witchcrafts,3,0,1,4
with,3681,1173,1119,5973
withal,26,7,8,41
withdraw,9,2,2,13
withdrawest,1,0,0,1
withdraweth,1,0,1,2
withdrawn,5,1,1,7
withdrew,2,4,4,10
wither,9,0,0,9
withered,11,13,2,26
withereth,5,3,0,8
withersoever,1,0,0,1
withheld,6,0,1,7
withheldest,1,0,0,1
withhold,9,0,1,10
withholden,10,0,0,10
withholdeth,3,1,0,4
within,152,31,36,219
without,255,130,90,475
withs,3,0,0,3
withstand,7,2,4,13
withstood,2,4,3,9
witness,55,64,11,130
witnessed,1,3,1,5
witnesses,21,24,1,46
witnesseth,0,2,1,3
witnessing,0,1,0,1
wits,0,0,2,2
wittingly,1,0,0,1
witty,1,0,2,3
wives,109,12,34,155
wives',0,1,0,1
wizard,2,0,0,2
wizards,9,0,0,9
woe,65,33,14,112
woeful,1,0,0,1
woes,0,1,0,1
wolf,4,1,1,6
wolves,3,4,1,8
woman,234,98,69,401
woman's,7,0,2,9
womanish,0,0,1,1
womankind,1,0,0,1
womb,55,14,18,87
wombs,1,1,0,2
women,128,44,49,221
women's,1,0,1,2
womenservants,3,0,1,4
won,2,1,9,12
wonder,10,5,1,16
wondered,3,12,4,19
wonderful,18,3,13,34
wonderfully,4,0,3,7
wondering,1,2,0,3
wonderously,1,0,0,1
wonders,38,17,17,72
wondrous,15,0,9,24
wondrously,1,0,0,1
wont,5,4,3,12
wood,128,4,34,166
woods,1,0,5,6
woof,9,0,0,9
wool,12,2,0,14
woollen,6,0,0,6
word,477,196,64,737
word's,1,1,0,2
words,427,94,118,639
wore,0,0,1,1
work,316,63,44,423
work's,0,1,0,1
worker,1,0,4,5
workers,22,5,3,30
worketh,10,25,7,42
workfellow,0,1,0,1
working,4,16,1,21
workman,8,2,5,15
workmanship,6,1,5,12
workmaster,0,0,2,2
workmen,9,1,4,14
workmen's,1,0,0,1
works,116,107,106,329
works',0,1,0,1
world,46,202,103,351
world's,0,1,0,1
worldly,0,2,0,2
worlds,0,2,0,2
worm,10,3,0,13
worms,7,1,6,14
wormwood,7,1,0,8
worn,0,0,1,1
worse,12,13,12,37
worship,62,40,18,120
worshipped,41,28,12,81
worshipper,0,2,0,2
worshippers,4,2,0,6
worshippeth,5,1,1,7
worshipping,3,2,3,8
worst,1,0,1,2
worth,9,0,4,13
worthies,1,0,0,1
worthily,1,0,2,3
worthy,14,52,30,96
wot,6,4,0,10
wotteth,1,0,0,1
would,233,173,105,511
wouldest,25,8,10,43
wound,17,6,4,27
wounded,30,5,10,45
woundedst,1,0,0,1
woundeth,1,0,0,1
wounding,1,0,0,1
wounds,14,1,6,21
wove,1,0,0,1
woven,3,1,1,5
wrap,2,0,0,2
wrapped,8,6,2,16
wrath,149,45,62,256
wrathful,2,0,1,3
wraths,0,1,0,1
wreath,1,0,0,1
wreathed,1,0,0,1
wreathen,8,0,0,8
wreaths,3,0,0,3
wrest,4,1,0,5
wrestle,0,1,0,1
wrestled,3,0,1,4
wrestlings,1,0,0,1
wretch,0,0,5,5
wretched,0,2,0,2
wretchedness,1,0,0,1
wretches,0,0,1,1
wring,3,0,0,3
wringed,1,0,0,1
wringing,1,0,0,1
wrinkle,0,1,0,1
wrinkles,1,0,0,1
write,35,47,16,98
writer,2,0,0,2
writer's,2,0,0,2
writest,2,0,0,2
writeth,1,0,1,2
writhe,0,0,1,1
writing,31,4,12,47
writings,0,1,7,8
written,141,127,25,293
wrong,13,11,11,35
wronged,0,2,2,4
wrongeth,1,0,0,1
wrongful,0,0,1,1
wrongfully,6,1,3,10
wrongly,0,0,1,1
wrongs,0,0,1,1
wrote,38,22,39,99
wroth,43,4,5,52
wrought,75,23,8,106
wroughtest,1,0,0,1
wrung,4,0,0,4
xanthicus,0,0,3,3
yarn,2,0,0,2
ye,1728,1121,209,3058
yea,264,56,52,372
year,305,17,72,394
year's,2,0,0,2
yearly,9,0,4,13
yearn,1,0,0,1
yearned,1,0,0,1
years,391,57,47,495
years',2,0,0,2
yell,1,0,0,1
yelled,1,0,0,1
yellow,4,0,0,4
yes,0,4,0,4
yesterday,6,3,1,10
yesternight,3,0,0,3
yet,468,187,138,793
yield,18,6,4,28
yielded,3,5,1,9
yieldeth,3,1,0,4
yielding,5,0,1,6
yoke,47,6,10,63
yoked,0,1,0,1
yokefellow,0,1,0,1
yokes,3,0,0,3
yonder,5,2,0,7
you,1023,981,141,2145
you-ward,0,3,0,3
young,253,31,65,349
younger,22,9,1,32
youngest,17,0,1,18
your,906,385,105,1396
your's,2,5,1,8
yours,3,2,0,5
yourselves,101,80,11,192
youth,61,5,21,87
youthful,0,1,0,1
youths,2,0,0,2
zaanaim,1,0,0,1
zaanan,1,0,0,1
zaanannim,1,0,0,1
zaavan,1,0,0,1
zabad,8,0,0,8
zabadaias,0,0,1,1
zabadeans,0,0,1,1
zabbai,2,0,0,2
zabbud,1,0,0,1
zabdeus,0,0,1,1
zabdi,6,0,0,6
zabdiel,2,0,1,3
zabud,1,0,0,1
zabulon,0,3,0,3
zaccai,2,0,0,2
zacchaeus,0,3,0,3
zaccheus,0,0,1,1
zacchur,1,0,0,1
zaccur,8,0,0,8
zachariah,4,0,0,4
zacharias,0,11,11,22
zachary,0,0,1,1
zacher,1,0,0,1
zadok,49,0,0,49
zadok's,1,0,0,1
zaham,1,0,0,1
zair,1,0,0,1
zalaph,1,0,0,1
zalmon,2,0,0,2
zalmonah,2,0,0,2
zalmunna,9,0,0,9
zambis,0,0,1,1
zambri,0,0,1,1
zamoth,0,0,1,1
zamzummims,1,0,0,1
zanoah,5,0,0,5
zaphnathpaaneah,1,0,0,1
zaphon,1,0,0,1
zara,0,1,0,1
zaraces,0,0,1,1
zarah,2,0,0,2
zaraias,0,0,3,3
zareah,1,0,0,1
zareathites,1,0,0,1
zared,1,0,0,1
zarephath,3,0,0,3
zaretan,1,0,0,1
zarethshahar,1,0,0,1
zarhites,5,0,0,5
zartanah,1,0,0,1
zarthan,1,0,0,1
zathoe,0,0,1,1
zathul,0,0,1,1
zatthu,1,0,0,1
zattu,3,0,0,3
zavan,1,0,0,1
zaza,1,0,0,1
zeal,10,6,4,20
zealous,2,6,5,13
zealously,0,2,1,3
zebadiah,9,0,0,9
zebah,9,0,0,9
zebaim,2,0,0,2
zebedee,0,9,0,9
zebedees,0,2,0,2
zebina,1,0,0,1
zeboiim,2,0,0,2
zeboim,5,0,0,5
zebudah,1,0,0,1
zebul,5,0,0,5
zebulonite,2,0,0,2
zebulun,43,0,0,43
zebulunites,1,0,0,1
zechariah,39,0,0,39
zedad,2,0,0,2
zedechias,0,0,1,1
zedekiah,60,0,0,60
zedekiah's,1,0,0,1
zeeb,3,0,0,3
zelah,2,0,0,2
zelek,2,0,0,2
zelophehad,9,0,0,9
zelotes,0,2,0,2
zelzah,1,0,0,1
zemaraim,2,0,0,2
zemarite,2,0,0,2
zemira,1,0,0,1
zenan,1,0,0,1
zenas,0,1,0,1
zephaniah,10,0,0,10
zephath,1,0,0,1
zephathah,1,0,0,1
zephi,1,0,0,1
zepho,2,0,0,2
zephon,1,0,0,1
zephonites,1,0,0,1
zer,1,0,0,1
zerah,19,0,0,19
zerahiah,4,0,0,4
zered,2,0,0,2
zereda,1,0,0,1
zeredathah,1,0,0,1
zererath,1,0,0,1
zeresh,3,0,0,3
zereth,1,0,0,1
zeri,1,0,0,1
zeror,1,0,0,1
zeruah,1,0,0,1
zerubbabel,21,0,0,21
zeruiah,25,0,0,25
zetham,2,0,0,2
zethan,1,0,0,1
zethar,1,0,0,1
zia,1,0,0,1
ziba,13,0,0,13
zibeon,7,0,0,7
zibia,1,0,0,1
zibiah,2,0,0,2
zichri,12,0,0,12
ziddim,1,0,0,1
zidkijah,1,0,0,1
zidon,21,0,1,22
zidonians,9,0,0,9
zif,2,0,0,2
ziha,3,0,0,3
ziklag,12,0,0,12
zillah,3,0,0,3
zilpah,7,0,0,7
zilthai,2,0,0,2
zimmah,3,0,0,3
zimran,2,0,0,2
zimri,13,0,0,13
zin,9,0,0,9
zina,1,0,0,1
zion,152,0,0,152
zion's,1,0,0,1
zior,1,0,0,1
ziph,9,0,0,9
ziphah,1,0,0,1
ziphion,1,0,0,1
ziphites,2,0,0,2
ziphron,1,0,0,1
zippor,7,0,0,7
zipporah,3,0,0,3
zithri,1,0,0,1
ziz,1,0,0,1
ziza,2,0,0,2
zizah,1,0,0,1
zoan,7,0,0,7
zoar,9,0,0,9
zoba,2,0,0,2
zobah,11,0,0,11
zobebah,1,0,0,1
zohar,4,0,0,4
zoheleth,1,0,0,1
zoheth,1,0,0,1
zophah,2,0,0,2
zophai,1,0,0,1
zophar,4,0,0,4
zophim,1,0,0,1
zorah,8,0,0,8
zorathites,1,0,0,1
zoreah,1,0,0,1
zorites,1,0,0,1
zorobabel,0,3,12,15
zuar,5,0,0,5
zuph,3,0,0,3
zur,5,0,0,5
zuriel,1,0,0,1
zurishaddai,5,0,0,5
zuzims,1,0,0,1
